   45654.5454549999999999999999999999997         8000.00000000000000000000000000000000         6.88074176583505945735720676831504141E-0007   76.2386187654524587875178509929306541      
   91109.0909099999999999999999999999994         8000.00000000000000000000000000000000         7.69932071265976120580562367060001921E-0007   85.3084734962701541603263102702482158      
   136563.636365000000000000000000000005         8000.00000000000000000000000000000000         8.61528327232570388488268283177801755E-0007   95.4573386573687990445001257761004296      
   182018.181819999999999999999999999999         8000.00000000000000000000000000000000         9.64021484913237481892904048957170131E-0007   106.813580528386712993733768624454462      
   227472.727274999999999999999999999992         8000.00000000000000000000000000000000         1.07870791243692657322319104651654207E-0006   119.520836698011464313129567954032866      
   272927.272730000000000000000000000011         8000.00000000000000000000000000000000         1.20703820253420775273700733747285856E-0006   133.739832840790219003260412991992727      
   318381.818185000000000000000000000030         8000.00000000000000000000000000000000         1.35063552012482373033710745057376966E-0006   149.650415629830469321351505523573689      
   363836.363640000000000000000000000048         8000.00000000000000000000000000000000         1.51131613265666659734956427457443428E-0006   167.453827498358658986331721622847323      
   409290.909095000000000000000000000067         8000.00000000000000000000000000000000         1.69111238287085187291822923453592360E-0006   187.375252022090387519339799186580341      
   454745.454550000000000000000000000085         8000.00000000000000000000000000000000         1.89229839456019354340638595609095831E-0006   209.666662117269444609427563934878203      
   500200.000005000000000000000000000104         8000.00000000000000000000000000000000         2.11741883645620883513094429385858463E-0006   234.610007079347938932508627759531212      
   545654.545460000000000000000000000123         8000.00000000000000000000000000000000         2.36932110806002558522923739096701367E-0006   262.520778773050834843399502919145118      
   591109.090915000000000000000000000141         8000.00000000000000000000000000000000         2.65119135451446910461823108507656694E-0006   293.752002080203176791700004226483617      
   636563.636370000000000000000000000160         8000.00000000000000000000000000000000         2.96659476604561352408411049954356544E-0006   328.698700077853978468519443349427084      
   682018.181825000000000000000000000179         8000.00000000000000000000000000000000         3.31952067169476655282085659679157208E-0006   367.802890423780134052550910924506231      
   727472.727280000000000000000000000197         8000.00000000000000000000000000000000         3.71443299770166375655896192911766472E-0006   411.559176145344344226732981746237265      
   772927.272735000000000000000000000216         8000.00000000000000000000000000000000         4.15632672875357167374668603027925971E-0006   460.521001545895741451132812154941992      
   818381.818190000000000000000000000235         8000.00000000000000000000000000000000         4.65079108624127770695091484780773256E-0006   515.307652355533569930161365137096854      
   863836.363645000000000000000000000253         8000.00000000000000000000000000000000         5.20408022262192000846490195594521154E-0006   576.612088666508736937911136718729420      
   909290.909100000000000000000000000272         8000.00000000000000000000000000000000         5.82319232605487238268492684430021705E-0006   645.209709726879860001489894348464080      
   954745.454555000000000000000000000291         8000.00000000000000000000000000000000         6.51595813585287779072919237656861927E-0006   721.968161452498859212794515323802974      
   1000200.00001000000000000000000000031         8000.00000000000000000000000000000000         7.29113998832179872593894660931974280E-0006   807.858310706055298834035284312627568      
   1045654.54546500000000000000000000033         8000.00000000000000000000000000000000         8.15854264575427009467496609338311187E-0006   903.966525149573126489986243146848858      
   1091109.09092000000000000000000000025         8000.00000000000000000000000000000000         9.12913731037985671119098807657838234E-0006   1011.50841399008812359996147888488471      
   1136563.63637500000000000000000000016         8000.00000000000000000000000000000000         1.02152003918421074923045746412672640E-0005   1131.84420341610551014734687025241291      
   1182018.18183000000000000000000000008         8000.00000000000000000000000000000000         1.14304687833804973376603112276076181E-0005   1266.49594119855910501276248401892410      
   1227472.72728500000000000000000000000         8000.00000000000000000000000000051749         1.27903136107029315396744093592031586E-0005   1417.16674806588481459592455699980152      
   1272927.27273999999999999999999999992         8000.00000000000000000000000004754149         1.43119346511833266030749990045913645E-0005   1585.76235935111258762070988971814700      
   1318381.81819499999999999999999999983         8000.00000000000000000000000447750035         1.60145778824640451203819870829567145E-0005   1774.41522937701619933832416978472219      
   1363836.36364999999999999999999999975         8000.00000000000000000000042179584020         1.79197789120914989825330068415345362E-0005   1985.51150345973808726465726272708858      
   1409290.90910499999999999999999999967         8000.00000000000000000003973453610792         2.00516353671652975555789765364854025E-0005   2221.72119868191496915816163512523142      
   1454745.45455999999999999999999999959         8000.00000000000000000374312192451904         2.24371116892773651437193995420223636E-0005   2486.03197517193205792527265935499310      
   1500200.00001499999999999999999999950         8000.00000000000000035261420228976981         2.51063801898905214039263498212685186E-0005   2781.78692503986977167765175738568248      
   1545654.54546999999999999999999999942         8000.00000000000003321739931606230363         2.80932026799403225016725310346048074E-0005   3112.72685693738774610990280972430615      
   1591109.09092499999999999999999999934         8000.00000000000312918654483433245699         3.14353575006404503326341298233654598E-0005   3483.03761107096325924016504882523334      
   1636563.63637999999999999999999999926         8000.00000000029477950212789227092060         3.51751173567205153321544600043242735E-0005   3897.40300312477670811732077241782429      
   1682018.18183499999999999999999999918         8000.00000002776918334198167111196753         3.93597839957647588897653019767571794E-0005   4361.06406674587318344039220617722813      
   1727472.72728999999999999999999999909         8000.00000261594696345246902963393451         4.40422864829702382470298770845729075E-0005   4879.88534390879255317343195573544051      
   1772927.27274499999999999999999999901         8000.00024643067210152489156312576516         4.92818492168839295500933786090634326E-0005   5460.42906143288465932994775372827492      
   1818381.81819999999999999999999999893         8000.02321456674418582656523760279534         5.51445882822834901156956534588338003E-0005   6110.03811186150555190954821370926007      
   1863836.36365499999999999999999999885         8002.18688469556830332877863809268583         6.16882522063382986919357649845796703E-0005   6836.92678002313611909019102554510437      
   1909290.90910999999999999999999999876         8205.98818816569964727767501784627823         6.73106955343699264621812081778320897E-0005   7650.05819901776392464619557282501943      
   1954745.45456499999999999999999999868         27199.0631108396339016377586904037952         2.26596269344010108565001255655131951E-0005   8536.04062933743780699265990228229763      
   2000200.00001999999999999999999999860         912959.702241189922428074768404763748         6.97772054391102925612760186857078067E-0007   8822.97307307637717934403733559687753      
   2045654.54547499999999999999999999852         1781545.99060076356012008718792391888         3.57928196991894206185473513110651306E-0007   8831.66778819309123745256223416798153      
   2091109.09092999999999999999999999843         1799802.08783298100982605153870802346         3.54476469957756299225659548077194099E-0007   8836.12674643924138567883296119465000      
   2136563.63638499999999999999999999855         1799997.89886418771723345623185071181         3.54615042615082588906584657263193125E-0007   8840.54269283704520513856582558402138      
   2182018.18183999999999999999999999847         1799999.97769568951557717056910457086         3.54791836141431162659949080154080942E-0007   8844.96036540546518679077835558071188      
   2227472.72729499999999999999999999839         1799999.99976323201370744110228226917         3.54969123207771722850210792343292361E-0007   8849.38024040572130635929511411389648      
   2272927.27274999999999999999999999831         1799999.99999748662579418563232033642         3.55146503168864389304818391501636010E-0007   8853.80232398742649293327784840285523      
   2318381.81820499999999999999999999822         1799999.99999997331966201786072986468         3.55323971813396566304536201490300988E-0007   8858.22661730784509770538074811559284      
   2363836.36365999999999999999999999814         1799999.99999999971677896860982544510         3.55501529140463960216942894853337121E-0007   8862.65312147176513371407641503608944      
   2409290.90911499999999999999999999806         1799999.99999999999699351062661158301         3.55679175193901452976385278370798373E-0007   8867.08183758396320789084759108310179      
   2454745.45456999999999999999999999798         1799999.99999999999996808507366868145         3.55856910018040995016186681490483447E-0007   8871.51276674976200559623748266988005      
   2500200.00002499999999999999999999790         1799999.99999999999999966121199970004         3.56034733657241736237830908083824491E-0007   8875.94591007503648440745394743772051      
   2545654.54547999999999999999999999781         1799999.99999999999999999640364799993         3.56212646155885046649648506921423716E-0007   8880.38126866621421297571953478612724      
   2591109.09093499999999999999999999773         1799999.99999999999999999996182347751         3.56390647558374474441913679222953868E-0007   8884.81884363027564783690783458852616      
   2636563.63638999999999999999999999765         1799999.99999999999999999999959474289         3.56568737909135756506206527791202830E-0007   8889.25863607475440969972873583333447      
   2682018.18184499999999999999999999757         1799999.99999999999999999999999569810         3.56746917252616829517246632142772750E-0007   8893.70064710773755986495853929806857      
   2727472.72729999999999999999999999748         1799999.99999999999999999999999995436         3.56925185633287841026182259654780972E-0007   8898.14487783786587678272373319346453      
   2772927.27275499999999999999999999740         1799999.99999999999999999999999999939         3.57103543095641160559485806681865225E-0007   8902.59132937433413274798116057889692      
   2818381.81820999999999999999999999732         1800000.00000000000000000000000000000         3.57281989684191390723396085809656583E-0007   8907.04000282689137073426441923473933      
   2863836.36366499999999999999999999724         1800000.00000000000000000000000000000         3.57460525443475378313909570585652559E-0007   8911.49089930584118136576559470031789      
   2909290.90911999999999999999999999715         1800000.00000000000000000000000000000         3.57639150418052225432323363557417809E-0007   8915.94401992204198002782145348642543      
   2954745.45457499999999999999999999707         1800000.00000000000000000000000000000         3.57817864652503300606332661770041338E-0007   8920.39936578690728411587325792712998      
   3000200.00002999999999999999999999699         1800000.00000000000000000000000000000         3.57996668191432249916685495334736597E-0007   8924.85693801240599042296939869498375      
   3045654.54548499999999999999999999691         1800000.00000000000000000000000000000         3.58175561079465008129397516068247733E-0007   8929.31673771106265266588007558141720      
   3091109.09093999999999999999999999682         1800000.00000000000000000000000000000         3.58354543361249809833529614590412949E-0007   8933.77876599595775914989329173899459      
   3136563.63639499999999999999999999674         1800000.00000000000000000000000000000         3.58533615081457200584531145655611149E-0007   8938.24302398072801057236146119438545      
   3182018.18184999999999999999999999666         1800000.00000000000000000000000000000         3.58712776284780048053151542882889020E-0007   8942.70951277956659796506796407042347      
   3227472.72730499999999999999999999658         1800000.00000000000000000000000000000         3.58892027015933553179923105439326290E-0007   8947.17823350722348077548301860240447      
   3272927.27275999999999999999999999650         1800000.00000000000000000000000000000         3.59071367319655261335217740621656601E-0007   8951.64918727900566508697827369789980      
   3318381.81821499999999999999999999641         1800000.00000000000000000000000000000         3.59250797240705073484880447672313603E-0007   8956.12237521077748197806956047077732      
   3363836.36366999999999999999999999633         1800000.00000000000000000000000000000         3.59430316823865257361442329557918325E-0007   8960.59779841896086602075727587890444      
   3409290.90912499999999999999999999625         1800000.00000000000000000000000000000         3.59609926113940458640915920830769539E-0007   8965.07545802053563391803390631108482      
   3454745.45457999999999999999999999617         1800000.00000000000000000000000000000         3.59789625155757712125175621087134292E-0007   8969.55535513303976328062823370225799      
   3500200.00003499999999999999999999608         1800000.00000000000000000000000000000         3.59969413994166452929926024930075055E-0007   8974.03749087456967154305580150677207      
   3545654.54548999999999999999999999600         1800000.00000000000000000000000000000         3.60149292674038527678260940739178651E-0007   8978.52186636378049501904525262772418      
   3591109.09094499999999999999999999592         1800000.00000000000000000000000000000         3.60329261240268205699815891944882361E-0007   8983.00848271988636809641018618591821      
   3636563.63639999999999999999999999584         1800000.00000000000000000000000000000         3.60509319737772190235516895901118054E-0007   8987.49734106266070257143621481487350      
   3682018.18185499999999999999999999575         1800000.00000000000000000000000000000         3.60689468211489629647928316846719318E-0007   8991.98844251243646712285293898871344      
   3727472.72730999999999999999999999567         1800000.00000000000000000000000000000         3.60869706706382128637202590843457391E-0007   8996.48178819010646692546058972739305      
   3772927.27276499999999999999999999559         1800000.00000000000000000000000000000         3.61050035267433759462634621976691854E-0007   9000.97737921712362340348112587892810      
   3818381.81821999999999999999999999551         1800000.00000000000000000000000000000         3.61230453939651073169823650503440822E-0007   9005.47521671550125412370360705078088      
   3863836.36367499999999999999999999543         1800000.00000000000000000000000000000         3.61410962768063110823445395032192136E-0007   9009.97530180781335282849369815255034      
   3909290.90912999999999999999999999534         1800000.00000000000000000000000000000         3.61591561797721414745637272218994452E-0007   9014.47763561719486960873719641953104      
   3954745.45458499999999999999999999526         1800000.00000000000000000000000000000         3.61772251073700039759999498865283737E-0007   9018.98221926734199121678750671152326      
   4000200.00003999999999999999999999518         1800000.00000000000000000000000000000         3.61953030641095564441214882704516783E-0007   9023.48905388251242151948702582360350      
   4045654.54549499999999999999999999510         1800000.00000000000000000000000000000         3.62133900545027102370290109567000169E-0007   9027.99814058752566209133243150531457      
   4091109.09094999999999999999999999501         1800000.00000000000000000000000000000         3.62314860830636313395421336015322127E-0007   9032.50948050776329294785390686198165      
   4136563.63640499999999999999999999493         1800000.00000000000000000000000000000         3.62495911543087414898486897946510952E-0007   9037.02307476916925341927836580651894      
   4182018.18185999999999999999999999485         1800000.00000000000000000000000000000         3.62677052727567193067169947061467664E-0007   9041.53892449825012316454678024238917      
   4227472.72731499999999999999999999517         1800000.00000000000000000000000000000         3.62858284429285014172713828507338079E-0007   9046.05703082207540332575574468793789      
   4272927.27276999999999999999999999549         1800000.00000000000000000000000000000         3.63039606693472835853313014404318367E-0007   9050.57739486827779782309344909965809      
   4318381.81822499999999999999999999581         1800000.00000000000000000000000000000         3.63221019565385218403142409374910969E-0007   9055.10001776505349479034026571653057      
   4363836.36367999999999999999999999614         1800000.00000000000000000000000000000         3.63402523090299336067027845600878762E-0007   9059.62490064116244815100419082990838      
   4409290.90913499999999999999999999646         1800000.00000000000000000000000000000         3.63584117313514988340760586341079937E-0007   9064.15204462592865933516141748312358      
   4454745.45458999999999999999999999678         1800000.00000000000000000000000000000         3.63765802280354611277058658251998321E-0007   9068.68145084924045913707235022231920      
   4500200.00004499999999999999999999710         1800000.00000000000000000000000000000         3.63947578036163288797177834262127953E-0007   9073.21312044155078971364340815485022      
   4545654.54549999999999999999999999742         1800000.00000000000000000000000000000         3.64129444626308764008175090161413007E-0007   9077.74705453387748672380499772402657      
   4591109.09095499999999999999999999774         1800000.00000000000000000000000000000         3.64311402096181450525827359477693472E-0007   9082.28325425780356160887607177889885      
   4636563.63640999999999999999999999806         1800000.00000000000000000000000000000         3.64493450491194443803208412623562124E-0007   9086.82172074547748401398572670540316      
   4682018.18186499999999999999999999839         1800000.00000000000000000000000000000         3.64675589856783532464926687709195193E-0007   9091.36245512961346435062232459023696      
   4727472.72731999999999999999999999871         1800000.00000000000000000000000000000         3.64857820238407209647026901829588762E-0007   9095.90545854349173650038066261164776      
   4772927.27277499999999999999999999903         1800000.00000000000000000000000000000         3.65040141681546684342558273048196723E-0007   9100.45073212095884065997774709154451      
   4818381.81822999999999999999999999935         1800000.00000000000000000000000000000         3.65222554231705892752812184713251654E-0007   9104.99827699642790632760776490136407      
   4863836.36368499999999999999999999967         1800000.00000000000000000000000000000         3.65405057934411509644232125158027636E-0007   9109.54809430487893543070688018962985      
   4909290.90913999999999999999999999999         1800000.00000000000000000000000000000         3.65587652835212959710998737251998599E-0007   9114.10018518185908559519851969232494      
   4954745.45459500000000000000000000032         1800000.00000000000000000000000000000         3.65770338979682428943292813686243309E-0007   9118.65455076348295355628984519804578      
   5000200.00005000000000000000000000064         1800000.00000000000000000000000000000         3.65953116413414876001239075293554635E-0007   9123.21119218643285871089014706831704      
   5045654.54550500000000000000000000096         1800000.00000000000000000000000000000         3.66135985182028043594533571121525258E-0007   9127.77011058795912681172192805962492      
   5091109.09096000000000000000000000128         1800000.00000000000000000000000000000         3.66318945331162469867757540395404867E-0007   9132.33130710588037380319548205744389      
   5136563.63641500000000000000000000160         1800000.00000000000000000000000000000         3.66501996906481499791380577926755911E-0007   9136.89478287858378979911780771402569      
   5182018.18187000000000000000000000192         1800000.00000000000000000000000000000         3.66685139953671296558455945943876294E-0007   9141.46053904502542320230673238083673      
   5227472.72732500000000000000000000225         1800000.00000000000000000000000000000         3.66868374518440852987010876740607069E-0007   9146.02857674473046496618115714333441      
   5272927.27278000000000000000000000257         1800000.00000000000000000000000000000         3.67051700646522002928134711961504693E-0007   9150.59889711779353299839836920031222      
   5318381.81823500000000000000000000289         1800000.00000000000000000000000000000         3.67235118383669432679767725763427839E-0007   9155.17150130487895670660940328225621      
   5363836.36369000000000000000000000321         1800000.00000000000000000000000000000         3.67418627775660692406193480516369687E-0007   9159.74639044722106168640346927309730      
   5409290.90914500000000000000000000353         1800000.00000000000000000000000000000         3.67602228868296207563237565129860063E-0007   9164.32356568662445455151249868741160      
   5454745.45460000000000000000000000385         1800000.00000000000000000000000000000         3.67785921707399290329175567515463699E-0007   9168.90302816546430790634689816051044      
   5500200.00005500000000000000000000417         1800000.00000000000000000000000000000         3.67969706338816151041353134120818675E-0007   9173.48477902668664546093363363200982      
   5545654.54551000000000000000000000450         1800000.00000000000000000000000000000         3.68153582808415909638520970896283934E-0007   9178.06881941380862728832780444435860      
   5591109.09096500000000000000000000482         1800000.00000000000000000000000000000         3.68337551162090607108887641481606766E-0007   9182.65515047091883522456890213645776      
   5636563.63642000000000000000000000514         1800000.00000000000000000000000000000         3.68521611445755216943893019827072425E-0007   9187.24377334267755841125298428891530      
   5682018.18187500000000000000000000546         1800000.00000000000000000000000000000         3.68705763705347656597705255891362853E-0007   9191.83468917431707898079202937167561      
   5727472.72733000000000000000000000578         1800000.00000000000000000000000000000         3.68890007986828798952444114486834563E-0007   9196.42789911164195788443177415678642      
   5772927.27278500000000000000000000610         1800000.00000000000000000000000000000         3.69074344336182483789133548772112673E-0007   9201.02340430102932086309937088876949      
   5818381.81824000000000000000000000643         1800000.00000000000000000000000000000         3.69258772799415529264386371321810409E-0007   9205.62120588942914456115223705273355      
   5863836.36369500000000000000000000675         1800000.00000000000000000000000000000         3.69443293422557743392823887133802356E-0007   9210.22130502436454278309950624569313      
   5909290.90915000000000000000000000707         1800000.00000000000000000000000000000         3.69627906251661935535233354365817133E-0007   9214.82370285393205289336752433982124      
   5954745.45460500000000000000000000739         1800000.00000000000000000000000000000         3.69812611332803927892466140025166201E-0007   9219.42840052680192235918087082739389      
   6000200.00006000000000000000000000771         1800000.00000000000000000000000000000         3.69997408712082567005079439268194305E-0007   9224.03539919221839543663042095608372      
