   45654.5454549999999999999999999999997         8000.00000000000000000000000000000000         2.37854414456847125046365872817224067E-0004   12094.5497424088414952864690621385926      
   91109.0909099999999999999999999999994         8000.00000000000000000000000000000000         1.57512489140129194838055275858572645E-0004   8009.28012753594893095330339744366176      
   136563.636365000000000000000000000005         8000.00000000000000000000000000000000         1.04308277362750059828366173763503714E-0004   5303.92362903837667357194056919713715      
   182018.181819999999999999999999999999         8000.00000000000000000000000000000000         6.90752637189609484750816115152901219E-0005   3512.37632030811465193092902349189630      
   227472.727274999999999999999999999992         8000.00000000000000000000000000000000         4.57431776123639958751465936708975840E-0005   2325.97380322723128660759093547365175      
   272927.272730000000000000000000000011         8000.00000000000000000000000000000000         3.02921506979626741532712639392095775E-0005   1540.31164087359473591405797384320228      
   318381.818185000000000000000000000030         8000.00000000000000000000000000000000         2.00601366543468348820328890025808922E-0005   1020.02866400250831019680009499437332      
   363836.363640000000000000000000000048         8000.00000000000000000000000000000000         1.32842691363652106366434195756840076E-0005   675.485692490541230638811836635830090      
   409290.909095000000000000000000000067         8000.00000000000000000000000000000000         8.79713879960760832987228272450799526E-0006   447.321665421653295824618901675940358      
   454745.454550000000000000000000000085         8000.00000000000000000000000000000000         5.82566118355056477969612908596168378E-0006   296.226366568679721872687293759712295      
   500200.000005000000000000000000000104         8000.00000000000000000000000000000000         3.85788254552054677096851872954259206E-0006   196.167695494397875498244113866248767      
   545654.545460000000000000000000000123         8000.00000000000000000000000000000000         2.55477571834364677947993211028035441E-0006   129.906615678185615894540708490806704      
   591109.090915000000000000000000000141         8000.00000000000000000000000000000000         1.69182936339437470031682603863597167E-0006   86.0270533047157865407451780412250962      
   636563.636370000000000000000000000160         8000.00000000000000000000000000000000         1.12036707343497799307598867956904690E-0006   56.9690301117986528778511397010793670      
   682018.181825000000000000000000000179         8000.00000000000000000000000000000000         7.41932021275988548076139684183514522E-0007   37.7261601694441987082876501820686690      
   727472.727280000000000000000000000197         8000.00000000000000000000000000000000         4.91323903787164260896250714914444358E-0007   24.9831032464038907479453032319178689      
   772927.272735000000000000000000000216         8000.00000000000000000000000000000000         3.25365628534937510316328462288044999E-0007   16.5443672246825432937308259154313397      
   818381.818190000000000000000000000235         8000.00000000000000000000000000000000         2.15464363561259700738873823194346716E-0007   10.9560483405739079581910932177198379      
   863836.363645000000000000000000000253         8000.00000000000000000000000000000000         1.42685298917103126050242600048979617E-0007   7.25533915022824563392337600431535988      
   909290.909100000000000000000000000272         8000.00000000000000000000000000000000         9.44893818660396676658979825763632390E-0008   4.80464712718466302830337095709919978      
   954745.454555000000000000000000000291         8000.00000000000000000000000000000000         6.25729725009257597202667325390202403E-0008   3.18174430426696404125042427408722454      
   1000200.00001000000000000000000000031         8000.00000000000000000000000000000000         4.14372155926742593874838847824162113E-0008   2.10702192060194933910992417785041576      
   1045654.54546500000000000000000000033         8000.00000000000000000000000000000000         2.74406467752249316298675658568329739E-0008   1.39531682918182978077784620912527515      
   1091109.09092000000000000000000000025         8000.00000000000000000000000000000000         1.81718072672765296984191085985684956E-0008  0.924009871355219890595708870618815885      
   1136563.63637500000000000000000000016         8000.00000000000000000000000000000000         1.20337753721308677625988737589324883E-0008  0.611899910117566843439448206738419339      
   1182018.18183000000000000000000000008         8000.00000000000000000000000000000000         7.96903398638163260110992933962952472E-0009  0.405213744581248526331985731840833410      
   1227472.72728500000000000000000000000         8000.00000000000000000000000000051749         5.27727173827579651018538532767433786E-0009  0.268341563844991003204955770357017230      
   1272927.27273999999999999999999999992         8000.00000000000000000000000004754149         3.49472684483425733069699521325734174E-0009  0.177701758268807628685897393462437640      
   1318381.81819499999999999999999999983         8000.00000000000000000000000447750035         2.31428592759854795468072734587740756E-0009  0.117678060898783829848865816592835689      
   1363836.36364999999999999999999999975         8000.00000000000000000000042179584020         1.53257166939886658439168287265014520E-0009   7.79290320580281338942960643182414152E-0002
   1409290.90910499999999999999999999967         8000.00000000000000000003973453610792         1.01490308255958238421802093146175733E-0009   5.16063401378152611975094037503318718E-0002
   1454745.45455999999999999999999999959         8000.00000000000000000374312192451904         6.72091418336709243079296973787732424E-0010   3.41748674670664289386945441142247524E-0002
   1500200.00001499999999999999999999950         8000.00000000000000035261420228976981         4.45073901502640223953067128288251997E-0010   2.26313581484873537234529480469929595E-0002
   1545654.54546999999999999999999999942         8000.00000000000003321739931606230363         2.94737847254494974594268066594357741E-0010   1.49869892586615008523162037876857280E-0002
   1591109.09092499999999999999999999934         8000.00000000000312918654483433245699         1.95181964862297563591214904247580676E-0010   9.92471797607284965231606442857451857E-0003
   1636563.63637999999999999999999999926         8000.00000000029477950212789227092060         1.29253842906074812243740717247521460E-0010   6.57236922003243548024057497463902470E-0003
   1682018.18183499999999999999999999918         8000.00000002776918334198167111196753         8.55947726408796316169820588022715232E-0011   4.35236923291626083030511873818484666E-0003
   1727472.72728999999999999999999999909         8000.00000261594696345246902963393451         5.66827642314525681311744448008848211E-0011   2.88223581260844126090360566492090429E-0003
   1772927.27274499999999999999999999901         8000.00024643067210152489156312576516         3.75365885347579364279758724317632244E-0011   1.90868072905297426745537898779394571E-0003
   1818381.81819999999999999999999999893         8000.02321456674418582656523760279534         2.48575650046455157882291743189738442E-0011   1.26397089207015930189599624525220105E-0003
   1863836.36365499999999999999999999885         8002.18688469556830332877863809268583         1.64612526933929860021131735903196984E-0011   8.37030668433203567424970040317989854E-0004
   1909290.90910999999999999999999999876         8205.98818816569964727767501784627823         1.09022359611500309500854488907994784E-0011   5.54362782951543088365202615587823821E-0004
   1954745.45456499999999999999999999868         27199.0631108396339016377586904037952         7.29478591999781144793408920412327209E-0012   3.70929214709377766417305466556377681E-0004
   2000200.00001999999999999999999999860         912959.702241189922428074768404763748         6.46196780990522835092151708294955325E-0012   3.28581629604031364960635170650345415E-0004
   2045654.54547499999999999999999999852         1781545.99060076356012008718792391888         6.43867195186647350475020273738585555E-0012   3.27397069231312562426759852695724225E-0004
   2091109.09092999999999999999999999843         1799802.08783298100982605153870802346         6.42676647016829797236347038939495447E-0012   3.26791692867225589415890697811113866E-0004
   2136563.63638499999999999999999999855         1799997.89886418771723345623185071181         6.41500343068961348790357860519635957E-0012   3.26193559482054890219768645682110501E-0004
   2182018.18183999999999999999999999847         1799999.97769568951557717056910457086         6.40326319745708031279305056320242998E-0012   3.25596585761207195102150280919043301E-0004
   2227472.72729499999999999999999999839         1799999.99976323201370744110228226917         6.39154446379494741674925846739527746E-0012   3.25000705262128120014084100718922270E-0004
   2272927.27274999999999999999999999831         1799999.99999748662579418563232033642         6.37984717695326110549544730740988370E-0012   3.24405915302559526833267589819300034E-0004
   2318381.81820499999999999999999999822         1799999.99999997331966201786072986468         6.36817129753976916973683588443695010E-0012   3.23812213879462897654592941459554027E-0004
   2363836.36365999999999999999999999814         1799999.99999999971677896860982544510         6.35651678637482611755971361001893528E-0012   3.23219599000610455777009890042294952E-0004
   2409290.90911499999999999999999999806         1799999.99999999999699351062661158301         6.34488360435197874712031736176013704E-0012   3.22628068677496145599466502345704765E-0004
   2454745.45456999999999999999999999798         1799999.99999999999996808507366868145         6.33327171243635909487566857819747165E-0012   3.22037620925253916384508220677869616E-0004
   2500200.00002499999999999999999999790         1799999.99999999999999966121199970004         6.32168107166453781721936702093547192E-0012   3.21448253762650266928499383281691449E-0004
   2545654.54547999999999999999999999781         1799999.99999999999999999640364799993         6.31011164314439328391705202512300232E-0012   3.20859965212077589153920902700825665E-0004
   2591109.09093499999999999999999999773         1799999.99999999999999999996182347751         6.29856338805498107475421772611904433E-0012   3.20272753299547532204427512661144468E-0004
   2636563.63638999999999999999999999765         1799999.99999999999999999999959474289         6.28703626764640371675458271155500518E-0012   3.19686616054684378772566509593942006E-0004
   2682018.18184499999999999999999999757         1799999.99999999999999999999999569810         6.27553024323968065981322101861610101E-0012   3.19101551510718433550539057817039519E-0004
   2727472.72729999999999999999999999748         1799999.99999999999999999999999995436         6.26404527622661849028994958170258826E-0012   3.18517557704479423780893147982012080E-0004
   2772927.27275499999999999999999999740         1799999.99999999999999999999999999939         6.25258132806968138212728394097628075E-0012   3.17934632676389911884994100392890636E-0004
   2818381.81820999999999999999999999732         1800000.00000000000000000000000000000         6.24113836030186178505826195014624787E-0012   3.17352774470458720147168739490556913E-0004
   2863836.36366499999999999999999999724         1800000.00000000000000000000000000000         6.22971633452655134947023279427593403E-0012   3.16771981134274367432459921190691430E-0004
   2909290.90911999999999999999999999715         1800000.00000000000000000000000000000         6.21831521241741208749150274333689726E-0012   3.16192250718998517915968474348690939E-0004
   2954745.45457499999999999999999999707         1800000.00000000000000000000000000000         6.20693495571824776986852170768362524E-0012   3.15613581279359441801799922234679263E-0004
   3000200.00002999999999999999999999699         1800000.00000000000000000000000000000         6.19557552624287555820208585122251639E-0012   3.15035970873645488009673580737801856E-0004
   3045654.54548499999999999999999999691         1800000.00000000000000000000000000000         6.18423688587499787211182125967322873E-0012   3.14459417563698568807291787227727246E-0004
   3091109.09093999999999999999999999682         1800000.00000000000000000000000000000         6.17291899656807449089900195762461253E-0012   3.13883919414907656366607097717536157E-0004
   3136563.63639499999999999999999999674         1800000.00000000000000000000000000000         6.16162182034519488927854242171537131E-0012   3.13309474496202291222165300330472316E-0004
   3182018.18184999999999999999999999666         1800000.00000000000000000000000000000         6.15034531929895080675179015086178691E-0012   3.12736080880046102609742030207597965E-0004
   3227472.72730499999999999999999999658         1800000.00000000000000000000000000000         6.13908945559130905019252783064672509E-0012   3.12163736642430340663530635038268224E-0004
   3272927.27275999999999999999999999650         1800000.00000000000000000000000000000         6.12785419145348452921937717040628429E-0012   3.11592439862867420450178731484253861E-0004
   3318381.81821499999999999999999999641         1800000.00000000000000000000000000000         6.11663948918581352392857760082869753E-0012   3.11022188624384477818010611034838802E-0004
   3363836.36366999999999999999999999633         1800000.00000000000000000000000000000         6.10544531115762718456189269963545291E-0012   3.10452981013516937039812299407558235E-0004
   3409290.90912499999999999999999999625         1800000.00000000000000000000000000000         6.09427161980712526268517546576317143E-0012   3.09884815120302090227595646630457594E-0004
   3454745.45457999999999999999999999617         1800000.00000000000000000000000000000         6.08311837764125007345390039101811201E-0012   3.09317689038272688497797325539634457E-0004
   3500200.00003499999999999999999999608         1800000.00000000000000000000000000000         6.07198554723556068854274568503980968E-0012   3.08751600864450544865408044732909302E-0004
   3545654.54548999999999999999999999600         1800000.00000000000000000000000000000         6.06087309123410735931708299718810091E-0012   3.08186548699340148845566638169062814E-0004
   3591109.09094499999999999999999999592         1800000.00000000000000000000000000000         6.04978097234930616982500455025593088E-0012   3.07622530646922292741192977724236334E-0004
   3636563.63639999999999999999999999584         1800000.00000000000000000000000000000         6.03870915336181391918928875830099136E-0012   3.07059544814647709595272867244629776E-0004
   3682018.18185499999999999999999999575         1800000.00000000000000000000000000000         6.02765759712040323297947514697019343E-0012   3.06497589313430722786447217099132200E-0004
   3727472.72730999999999999999999999567         1800000.00000000000000000000000000000         6.01662626654183790314498773204495775E-0012   3.05936662257642907246596867068307933E-0004
   3772927.27276499999999999999999999559         1800000.00000000000000000000000000000         6.00561512461074845609101294314057000E-0012   3.05376761765106762279153422738343037E-0004
   3818381.81821999999999999999999999551         1800000.00000000000000000000000000000         5.99462413437950794847960370712269935E-0012   3.04817885957089395956905396530974475E-0004
   3863836.36367499999999999999999999543         1800000.00000000000000000000000000000         5.98365325896810799033924543242742900E-0012   3.04260032958296221078107799223704961E-0004
   3909290.90912999999999999999999999534         1800000.00000000000000000000000000000         5.97270246156403499506688236365174266E-0012   3.03703200896864662659742111429116434E-0004
   3954745.45458499999999999999999999526         1800000.00000000000000000000000000000         5.96177170542214665590716410807866398E-0012   3.03147387904357876946812277137978059E-0004
   4000200.00003999999999999999999999518         1800000.00000000000000000000000000000         5.95086095386454864849443207476987206E-0012   3.02592592115758481916601003217997252E-0004
   4045654.54549499999999999999999999510         1800000.00000000000000000000000000000         5.93997017028047155904372411504842361E-0012   3.02038811669462299256849219828146572E-0004
   4091109.09094999999999999999999999501         1800000.00000000000000000000000000000         5.92909931812614803777783281315068859E-0012   3.01486044707272107796860057186941487E-0004
   4136563.63640499999999999999999999493         1800000.00000000000000000000000000000         5.91824836092469017717820865009013148E-0012   3.00934289374391408370567124151024669E-0004
   4182018.18185999999999999999999999485         1800000.00000000000000000000000000000         5.90741726226596711464825365488246530E-0012   3.00383543819418200090645233746897648E-0004
   4227472.72731499999999999999999999517         1800000.00000000000000000000000000000         5.89660598580648285917830416776288178E-0012   2.99833806194338768012780010282322412E-0004
   4272927.27276999999999999999999999549         1800000.00000000000000000000000000000         5.88581449526925434160235297240868486E-0012   2.99285074654521482169251032073299275E-0004
   4318381.81822499999999999999999999581         1800000.00000000000000000000000000000         5.87504275444368968803731131098644855E-0012   2.98737347358710607951021313285834630E-0004
   4363836.36367999999999999999999999614         1800000.00000000000000000000000000000         5.86429072718546671609636017958941429E-0012   2.98190622469020127817564008036969012E-0004
   4409290.90913499999999999999999999646         1800000.00000000000000000000000000000         5.85355837741641165346868781483115730E-0012   2.97644898150927574313695229854507672E-0004
   4454745.45458999999999999999999999678         1800000.00000000000000000000000000000         5.84284566912437807845865642752364302E-0012   2.97100172573267874372719819987128318E-0004
   4500200.00004499999999999999999999710         1800000.00000000000000000000000000000         5.83215256636312608207818601899558212E-0012   2.96556443908227204885234769013342872E-0004
   4545654.54549999999999999999999999742         1800000.00000000000000000000000000000         5.82147903325220165128688653219937299E-0012   2.96013710331336859512972797846232724E-0004
   4591109.09095499999999999999999999774         1800000.00000000000000000000000000000         5.81082503397681627297521164580649805E-0012   2.95471970021467126727106336697806699E-0004
   4636563.63640999999999999999999999806         1800000.00000000000000000000000000000         5.80019053278772675828664821749197595E-0012   2.94931221160821179050469803978857511E-0004
   4682018.18186499999999999999999999839         1800000.00000000000000000000000000000         5.78957549400111528687569472504372561E-0012   2.94391461934928973483195681593692354E-0004
   4727472.72731999999999999999999999871         1800000.00000000000000000000000000000         5.77897988199846967069912004328330784E-0012   2.93852690532641163091297408770236085E-0004
   4772927.27277499999999999999999999903         1800000.00000000000000000000000000000         5.76840366122646383693873053352681605E-0012   2.93314905146123019737769573570665551E-0004
   4818381.81822999999999999999999999935         1800000.00000000000000000000000000000         5.75784679619683852965460871292049431E-0012   2.92778103970848367935813269681623304E-0004
   4863836.36368499999999999999999999967         1800000.00000000000000000000000000000         5.74730925148628222976852071592206173E-0012   2.92242285205593529803831806111620900E-0004
   4909290.90913999999999999999999999999         1800000.00000000000000000000000000000         5.73679099173631229297792236192869120E-0012   2.91707447052431281101879209151720753E-0004
   4954745.45459500000000000000000000032         1800000.00000000000000000000000000000         5.72629198165315630520172490403415469E-0012   2.91173587716724818329281139508962995E-0004
   5000200.00005000000000000000000000064         1800000.00000000000000000000000000000         5.71581218600763365515971145658458638E-0012   2.90640705407121736863184963025053809E-0004
   5045654.54550500000000000000000000096         1800000.00000000000000000000000000000         5.70535156963503732368822368604400603E-0012   2.90108798335548020117832760970102586E-0004
   5091109.09096000000000000000000000128         1800000.00000000000000000000000000000         5.69491009743501588939546560312165300E-0012   2.89577864717202039704388045676979644E-0004
   5136563.63641500000000000000000000160         1800000.00000000000000000000000000000         5.68448773437145575026049721659395836E-0012   2.89047902770548566571183859380274896E-0004
   5182018.18187000000000000000000000192         1800000.00000000000000000000000000000         5.67408444547236356078071540321006815E-0012   2.88518910717312793104296778668701699E-0004
   5227472.72732500000000000000000000225         1800000.00000000000000000000000000000         5.66370019582974888427334261593289437E-0012   2.87990886782474366168388124074762951E-0004
   5272927.27278000000000000000000000257         1800000.00000000000000000000000000000         5.65333495059950705993716599696443612E-0012   2.87463829194261431067790384133967195E-0004
   5318381.81823500000000000000000000289         1800000.00000000000000000000000000000         5.64298867500130228428149008495708616E-0012   2.86937736184144686407853505871038702E-0004
   5363836.36369000000000000000000000321         1800000.00000000000000000000000000000         5.63266133431845090652998560993990768E-0012   2.86412605986831449836602279235356789E-0004
   5409290.90914500000000000000000000353         1800000.00000000000000000000000000000         5.62235289389780493760783485720396839E-0012   2.85888436840259734646792551635015669E-0004
   5454745.45460000000000000000000000385         1800000.00000000000000000000000000000         5.61206331914963577232129075510299970E-0012   2.85365226985592337218490450530921651E-0004
   5500200.00005500000000000000000000417         1800000.00000000000000000000000000000         5.60179257554751812433948220383962942E-0012   2.84842974667210935282335167171516914E-0004
   5545654.54551000000000000000000000450         1800000.00000000000000000000000000000         5.59154062862821417358901221522368429E-0012   2.84321678132710196983682163097094819E-0004
   5591109.09096500000000000000000000482         1800000.00000000000000000000000000000         5.58130744399155792567260817950346348E-0012   2.83801335632891900727859903142087591E-0004
   5636563.63642000000000000000000000514         1800000.00000000000000000000000000000         5.57109298730033978292379501707512492E-0012   2.83281945421759065786809394435763443E-0004
   5682018.18187500000000000000000000546         1800000.00000000000000000000000000000         5.56089722428019132671027211255659515E-0012   2.82763505756510093647411920467864099E-0004
   5727472.72733000000000000000000000578         1800000.00000000000000000000000000000         5.55072012071947031059938376875357315E-0012   2.82246014897532920081846402767004213E-0004
   5772927.27278500000000000000000000610         1800000.00000000000000000000000000000         5.54056164246914586399978046082472108E-0012   2.81729471108399177920353800257081842E-0004
   5818381.81824000000000000000000000643         1800000.00000000000000000000000000000         5.53042175544268390589407441884523537E-0012   2.81213872655858370506821868031245405E-0004
   5863836.36369500000000000000000000675         1800000.00000000000000000000000000000         5.52030042561593276827799802234237467E-0012   2.80699217809832055817639443234617247E-0004
   5909290.90915000000000000000000000707         1800000.00000000000000000000000000000         5.51019761902700902892227715559870429E-0012   2.80185504843408041224305206096273556E-0004
   5954745.45460500000000000000000000739         1800000.00000000000000000000000000000         5.50011330177618355307413404994994918E-0012   2.79672732032834588880311579017984192E-0004
   6000200.00006000000000000000000000771         1800000.00000000000000000000000000000         5.49004744002576774371603523130116184E-0012   2.79160897657514631712860076131764382E-0004
