   817400.000000000000000000000000000000         8000.00009580869380866233730926159845         3.19079526471717221955319505829704606E-0008   20383.7402652201787725175024135543122        -2.98109348978104218111870120862481680E-0002
   840100.000000000000000000000000000000         8000.00015086017740718241658533266129         2.59721693924489144091154826991636263E-0008   20383.5608858545229426236916102403879        -2.98110921710468644604790389065543778E-0002
   862800.000000000000000000000000000000         8000.00023754413323258484185441192902         2.11406100281586622408478988932527252E-0008   20383.4148761332418638940546019957780        -2.98112200908857979514167967283242147E-0002
   885500.000000000000000000000000000000         8000.00037403651647147767728499227821         1.72078576264897161966622778487640996E-0008   20383.2960283568500227431654094693990        -2.98113240607957752744340704946149230E-0002
   908200.000000000000000000000000000000         8000.00058895714974788499905251109930         1.40067086298412184085621417217816878E-0008   20383.1992896338331084421603165248299        -2.98114084468698174990917370712785321E-0002
   930900.000000000000000000000000000000         8000.00092737074841648341099417204178         1.14010640815068529811838742476221802E-0008   20383.1205470536357878501373269019812        -2.98114767521052903935301283158653930E-0002
   953600.000000000000000000000000000000         8000.00146023612293929145565310663431         9.28014328896944710162832914011577387E-0009   20383.0564528235586216729208391654180        -2.98115317475886957323776485774296748E-0002
   976300.000000000000000000000000000000         8000.00229928487394432439821036388046         7.55377390989475090799573583342074472E-0009   20383.0042819351440044793180001266506        -2.98115755624448119419496806683726817E-0002
   999000.000000000000000000000000000000         8000.00362044935546813266113447846149         6.14855821573449473935546088908028847E-0009   20382.9618163086436274805981969012200        -2.98116097305338241763814760922810183E-0002
   1021700.00000000000000000000000000000         8000.00570075229846193572022439659917         5.00475253911868963968017695895431721E-0009   20382.9272504898929947719268113212479        -2.98116351866943170739226536430094611E-0002
   1044400.00000000000000000000000000000         8000.00897639313685110484643900346193         4.07372723269788111177539896577850255E-0009   20382.8991148902332489383494458698607        -2.98116521979119445612200793560417574E-0002
   1067100.00000000000000000000000000000         8000.01413421061715251124252641648769         3.31589914792554863805265148831307127E-0009   20382.8762133059747012511785850515677        -2.98116602037222808366326868601004571E-0002
   1089800.00000000000000000000000000000         8000.02225569963279386045001093594601         2.69904873177096071790827035885193601E-0009   20382.8575720610004906858806342616235        -2.98116575232200816990324346429962414E-0002
   1112500.00000000000000000000000000000         8000.03504377982412310540375843627992         2.19695019164210018207455853080298798E-0009   20382.8423986102741366812038370360739        -2.98116408597847048221551350035830529E-0002
   1135200.00000000000000000000000000000         8000.05517986491498260392372393266771         1.78825648910540297888402857108770389E-0009   20382.8300478442511606362304120656523        -2.98116044936108513563840229164185772E-0002
   1157900.00000000000000000000000000000         8000.08688610325877921761295305866434         1.45559175721084298644156681040176142E-0009   20382.8199946616037672705264155535907        -2.98115389878187488846518895859405460E-0002
   1180600.00000000000000000000000000000         8000.13681068038817705802383071832554         1.18481255499188075221857414145950870E-0009   20382.8118116441687888258380169726416        -2.98114291328853921444384057882380808E-0002
   1203300.00000000000000000000000000000         8000.21542181392233191526776716523869         9.64406550945984827334635851389826091E-0010   20382.8051508849531622125495073789469        -2.98112506952792162950416874153633409E-0002
   1226000.00000000000000000000000000000         8000.33920273338438695685812582320060         7.85003070200987050806340313476122605E-0010   20382.7997291966007821712469357178519        -2.98109652863064530203423498849961031E-0002
   1248700.00000000000000000000000000000         8000.53410788663336145652586799322638         6.38974696051042048115196364915262116E-0010   20382.7953160714466000709464371321078        -2.98105122741430379517932483512894956E-0002
   1271400.00000000000000000000000000000         8000.84100506469825851978303235229857         5.20112987808006191287979814309179657E-0010   20382.7917238812687248841167183037229        -2.98097960439922108571861780270220070E-0002
   1294100.00000000000000000000000000000         8001.32424453363771638521862104815410         4.23364528050003264052930805760903521E-0010   20382.7887999000706831714781708461238        -2.98086659400692994525457478468723766E-0002
   1316800.00000000000000000000000000000         8002.08515190544853302346960357280362         3.44616077332463183914340506659004051E-0010   20382.7864198107322658184036811521811        -2.98068846984229057030665268174778794E-0002
   1339500.00000000000000000000000000000         8003.28327381956659549048262717894349         2.80519702310516953685367838584321054E-0010   20382.7844824194537124688632169480812        -2.98040787901593573316969851503358159E-0002
   1362200.00000000000000000000000000000         8005.16983093881248721893619114705808         2.28350442772171176958827685493634371E-0010   20382.7829053532664687173328121003693        -2.97996603602076082939437092035716691E-0002
   1384900.00000000000000000000000000000         8008.14039194931935168033796686584080         1.85890466552371276685568469661005013E-0010   20382.7816215576774778030936054422187        -2.97927046357017170731492130950413503E-0002
   1407600.00000000000000000000000000000         8012.81781140519099103062430864273075         1.51334787496161640527684697901637537E-0010   20382.7805764455298406956841713025394        -2.97817576988555032170793541809801241E-0002
   1430300.00000000000000000000000000000         8020.18281721959920495455140662729513         1.23214538417717446550221390159623609E-0010   20382.7797255758470375620748373506440        -2.97645358020648303799440435120306530E-0002
   1453000.00000000000000000000000000000         8031.77961791419829298407808058818535         1.00334537277278098420355534749623650E-0010   20382.7790327639581703032437164871706        -2.97374568406951208510852703131253165E-0002
   1475700.00000000000000000000000000000         8050.03961282387028594189767548657146         8.17224921699726271111677642876549905E-0011   20382.7784685425367208912586037232953        -2.96949147598160282672406336724550148E-0002
   1498400.00000000000000000000000000000         8078.79100994419933212580758636397110         6.65876847506690778478727880338275744E-0011   20382.7780089081067939009529614120068        -2.96281668547944693292918863694673206E-0002
   1521100.00000000000000000000000000000         8124.06103219450862612604888059563522         5.42873728931349840724136389479346490E-0011   20382.7776342997176118927020692444669        -2.95236544711136921664015683343119556E-0002
   1543800.00000000000000000000000000000         8195.33848235211996646040436271143691         4.42994777599656248729302522851810850E-0011   20382.7773287663846448531562190465576        -2.93605346436664088753154320380794937E-0002
   1566500.00000000000000000000000000000         8307.56031924146253854730888485320008         3.62003800015868138391303683621792652E-0011   20382.7770792879825771605718679799324        -2.91072122458492850236173560249182819E-0002
   1589200.00000000000000000000000000000         8484.23610836019527411079894231163736         2.96468524201420314955548235035060974E-0011   20382.7768752209277732542343671147320        -2.87168535057159793814159382403528520E-0002
   1611900.00000000000000000000000000000         8762.35883623899612933880436384348314         2.43613061587296684242614974522013664E-0011   20382.7767078455450455373038532666529        -2.81225009192743811445325629858488129E-0002
   1634600.00000000000000000000000000000         9200.11533174649219491034314870550043         2.01196262303307367247169624291616547E-0011   20382.7765699967965854599020539630065        -2.72339565507519845865319280340087061E-0002
   1657300.00000000000000000000000000000         9888.97229809550472090557032779258364         1.67409272795209352399819558602293224E-0011   20382.7764557643576276074133454260613        -2.59414880761416978232018017725491799E-0002
   1680000.00000000000000000000000000000         10972.5715356725640618526154969874201         1.40786051343673898620598047741745241E-0011   20382.7763602520431587485056691247417        -2.41349135054616802589304621733002811E-0002
   1702700.00000000000000000000000000000         12676.1481459068794450063138911457007         1.20121877684487627833898214628605622E-0011   20382.7762793901515498178888422377570        -2.17462648635492123501779112168896633E-0002
   1725400.00000000000000000000000000000         15352.0299524849413625443472810561778         1.04398577317481370401760050422133496E-0011   20382.7762097964465400032035969314534        -1.88107871759533041522474740799126191E-0002
   1748100.00000000000000000000000000000         19549.2653965896738854255225880603563         9.27218531513871629322807129131227282E-0012   20382.7761486804504640163738894158839        -1.55117465154923669335873277712064528E-0002
   1770800.00000000000000000000000000000         26118.3537688337152542654631274055849         8.42818458683188399438327249053991485E-0012   20382.7760937803599114611391963903571        -1.21571673226090065088223032649303722E-0002
   1793500.00000000000000000000000000000         36364.3386290249952519476895061380875         7.83446262773692792921757152526164380E-0012   20382.7760433151171986788248453484773        -9.07638164197391327868576492747156916E-0003
   1816200.00000000000000000000000000000         52259.8907496453172596582575921555749         7.42678697483698599964044115500071108E-0012   20382.7759959332503354262360635731430        -6.50096644621394367173238044987317665E-0003
   1838900.00000000000000000000000000000         76716.3292803502657176979460635298830         7.15211623965064174844865335460278075E-0012   20382.7759506490616797148808366475907        -4.51185200819940141734967043053046771E-0003
   1861600.00000000000000000000000000000         113867.939457720039085409947486517033         6.96936013410608650069368615889821261E-0012   20382.7759067694712728426133735466551        -3.06705547130259367849804905961954536E-0003
   1884300.00000000000000000000000000000         169226.428473338873367394568486598670         6.84845269831095124645853797351079284E-0012   20382.7758638216757465585818891477868        -2.06340573337870159242262109126689136E-0003
   1907000.00000000000000000000000000000         249387.869098034355372279702170253858         6.76836160035742763815392397308942065E-0012   20382.7758214904768155322862877497911        -1.38740768920580832303746180803091245E-0003
   1929700.00000000000000000000000000000         360783.384667184957364155274120043529         6.71484632076567305535784306231114358E-0012   20382.7757795691791366857189029464655        -9.41425069189042054514937145746715354E-0004
   1952400.00000000000000000000000000000         507041.148477424489871330324338597177         6.67847938321809770378365137645406125E-0012   20382.7757379237641766972505694133880        -6.51165839122671900891039084169875311E-0004
   1975100.00000000000000000000000000000         685395.337844006392290987714325543240         6.65311261438533203120392617816662884E-0012   20382.7756964679883866582953790331060        -4.63914242612943932904599847066132250E-0004
   1997800.00000000000000000000000000000         884291.179587100022809553206591828724         6.63477564671830492479852257239454033E-0012   20382.7756551466236281919872723655759        -3.43798004575737795108323995677237547E-0004
   2020500.00000000000000000000000000000         1085149.47889627862950532514721422176         6.62092073397164710509995251465592469E-0012   20382.7756139244128160902705387501385        -2.67026386936810832534393441002593661E-0004
   2043200.00000000000000000000000000000         1268664.27818564554809037542714988602         6.60991966895665201686758024492518754E-0012   20382.7755727788904216552075022918471        -2.18071863987756334813432257760614917E-0004
   2065900.00000000000000000000000000000         1421616.98901517012603273473298589728         6.60073461232197392856146838786861852E-0012   20382.7755316957561082462651900514913        -1.86901387400822695663213927479009788E-0004
   2088600.00000000000000000000000000000         1539633.53603083299249909912661607425         6.59270513198993155941628072395894551E-0012   20382.7754906659102491589550569320964        -1.67073072474994947576963826353741060E-0004
   2111300.00000000000000000000000000000         1625387.77751061428415482882251570819         6.58541140466394311804122147105419099E-0012   20382.7754496835611367628122662715891        -1.54467326285670597920704037220427190E-0004
   2134000.00000000000000000000000000000         1685018.33348192829452598219098545754         6.57858673640737339746300150199899127E-0012   20382.7754087450192091992998711412139        -1.46456334348741417149090959578666187E-0004
   2156700.00000000000000000000000000000         1725226.34062846632184778169835870008         6.57206178109052780769544204367429431E-0012   20382.7753678479300453145445708379125        -1.41366552406806379276580658465555100E-0004
   2179400.00000000000000000000000000000         1751778.28368842627275778076479720510         6.56572903541594052217910967593977878E-0012   20382.7753269907869148517861839471921        -1.38133256566824293373989569134951991E-0004
   2202100.00000000000000000000000000000         1769071.51152910374812695808781772104         6.55952026592678882244175320324646127E-0012   20382.7752861726211743050810683687462        -1.36079497977605172914223643927892147E-0004
   2224800.00000000000000000000000000000         1780233.35712177328317078998758596000         6.55339216823467518047631468093639096E-0012   20382.7752453928056948843941695834060        -1.34775050915518325288032912569919783E-0004
   2247500.00000000000000000000000000000         1787395.81181824867145067226811791008         6.54731726044514554813114131581590518E-0012   20382.7752046509300857127018698062321        -1.33946562492386075191996917579643310E-0004
   2270200.00000000000000000000000000000         1791974.69936140944385299212073978926         6.54127810206423242938123696885432109E-0012   20382.7751639467215019451448457660548        -1.33420380997323200532992940469031355E-0004
   2292900.00000000000000000000000000000         1794894.92718496378504311486098073463         6.53526362469238217317276510738444853E-0012   20382.7751232799943889916818410227966        -1.33086203052194040758156116868700581E-0004
   2315600.00000000000000000000000000000         1796754.48242468087351612346997664441         6.52926680336246028539913406892270185E-0012   20382.7750826506185917455883105009277        -1.32873968747985868677018914777397496E-0004
   2338300.00000000000000000000000000000         1797937.46468337246245654899276885951         6.52328317880560579639623786230832639E-0012   20382.7750420584991184563932760847915        -1.32739180963585643159048400071958793E-0004
   2361000.00000000000000000000000000000         1798689.56904191109849286898113092602         6.51730991974798455058790675263303298E-0012   20382.7750015035633003088021237684326        -1.32653579021657539450519919509355132E-0004
   2383700.00000000000000000000000000000         1799167.54578328796240678621774298362         6.51134522790477092821972069625648483E-0012   20382.7749609857526439186755362666824        -1.32599214519955114656445816918425740E-0004
   2406400.00000000000000000000000000000         1799471.23306503996271839994328783544         6.50538796043496600946908494151335227E-0012   20382.7749205050176616260180849160008        -1.32564688522723476451923379130595988E-0004
   2429100.00000000000000000000000000000         1799664.15308689473687969787798573799         6.49943739038311318217252541458067820E-0012   20382.7748800613145912592515973575528        -1.32542761675809436268470772906842069E-0004
   2451800.00000000000000000000000000000         1799786.69483635926208235246525733514         6.49349305467702466057966889030325764E-0012   20382.7748396546033147942296408451703        -1.32528836355349740373213216659411217E-0004
   2474500.00000000000000000000000000000         1799864.52768917652685449009017464468         6.48755465768120132414926685896697934E-0012   20382.7747992848460377230164294201277        -1.32519992675681859561436333527231701E-0004
   2497200.00000000000000000000000000000         1799913.96150100550489012542468830671         6.48162201000094696715693081922857210E-0012   20382.7747589520064510980325478976974        -1.32514376262138207144725800898117061E-0004
   2519900.00000000000000000000000000000         1799945.35747752384984427008476789025         6.47569498965331881368392803244117135E-0012   20382.7747186560491998361068051010900        -1.32510809431087365965165099859892876E-0004
   2542600.00000000000000000000000000000         1799965.29709132707461886688074373723         6.46977351742996124693061349632825055E-0012   20382.7746783969395453456320021650182        -1.32508544255062541616754035708551507E-0004
   2565300.00000000000000000000000000000         1799977.96062616075238727532911098461         6.46385754126475054493800329978530667E-0012   20382.7746381746431514523603517742505        -1.32507105737869890599686060168667212E-0004
   2588000.00000000000000000000000000000         1799986.00311140469915821235270495577         6.45794702631502348194323028827654259E-0012   20382.7745979891259485585364851913293        -1.32506192217477543427763378263879187E-0004
   2610700.00000000000000000000000000000         1799991.11079239720426959859222334441         6.45204194866809172296759829526730731E-0012   20382.7745578403540474412879421763065        -1.32505612113476989257213846040574346E-0004
   2633400.00000000000000000000000000000         1799994.35460752010368575400926500954         6.44614229134800951733173037893330118E-0012   20382.7745177282936845472493612675120        -1.32505243756434262698431703453522432E-0004
   2656100.00000000000000000000000000000         1799996.41470459192983908625365208430         6.44024804178185762506595635407057684E-0012   20382.7744776529111872716261425501198        -1.32505009876182838562346039543562020E-0004
   2678800.00000000000000000000000000000         1799997.72303913034340677313214110627         6.43435919019209359519050624846615580E-0012   20382.7744376141729519174372389805977        -1.32504861399770217252769829810690834E-0004
   2701500.00000000000000000000000000000         1799998.55394079690559726339345411759         6.42847572857649316035874322041753860E-0012   20382.7743976120454297003676405038257        -1.32504767161810034344702342105689710E-0004
   2724200.00000000000000000000000000000         1799999.08163249843081220004469656164         6.42259765006091944248459715564067589E-0012   20382.7743576464951178585862652880888        -1.32504707369702932986636411408182753E-0004
   2746900.00000000000000000000000000000         1799999.41676054790556561315068055587         6.41672494848865218365574721752477405E-0012   20382.7743177174885540016842586017909        -1.32504669453510601166836598950683998E-0004
   2769600.00000000000000000000000000000         1799999.62959465063431568981833516591         6.41085761815981480279894861249205274E-0012   20382.7742778249923125148511641526975        -1.32504645430282200786075061026180602E-0004
   2792300.00000000000000000000000000000         1799999.76476194057234840167596363421         6.40499565366603883190878846735073846E-0012   20382.7742379689730022671130542448909        -1.32504630230183499037969127226740770E-0004
   2815000.00000000000000000000000000000         1799999.85060436309869860215020254363         6.39913904978555666540422369835250582E-0012   20382.7741981493972651470099558196919        -1.32504620633450344453441967376607697E-0004
   2837700.00000000000000000000000000000         1799999.90512140769526512901433619307         6.39328780141663619855647278396420074E-0012   20382.7741583662317751232945124131364        -1.32504614595266159728867350857322827E-0004
   2860400.00000000000000000000000000000         1799999.93974424310839470945989201261         6.38744190353534347382208663792816840E-0012   20382.7741186194432376387669992729549        -1.32504610817003288476378598808256490E-0004
   2883100.00000000000000000000000000000         1799999.96173260874992501481120902133         6.38160135116874149894523435245068841E-0012   20382.7740789089983892154953352495910        -1.32504608473925775347033022125927822E-0004
   2905800.00000000000000000000000000000         1799999.97569704038132656386070308728         6.37576613937788334872734010732549471E-0012   20382.7740392348639971941686002547149        -1.32504607042258102380550501542026337E-0004
   2928500.00000000000000000000000000000         1799999.98456560990302298853403482059         6.36993626324701976100857280951218697E-0012   20382.7739995970068595585678219420429        -1.32504606189359529020895597939455884E-0004
   2951200.00000000000000000000000000000         1799999.99019788532041980065243156135         6.36411171787674984318844178203612728E-0012   20382.7739599953938048140531217842778        -1.32504605703975711630899626522451153E-0004
   2973900.00000000000000000000000000000         1799999.99377484620527631700180035718         6.35829249837967369173830111379156919E-0012   20382.7739204299916919003336217395578        -1.32504605451942711308734153769694320E-0004
   2996600.00000000000000000000000000000         1799999.99604651230815890086598669016         6.35247859987763248193945651043772878E-0012   20382.7738809007674101259990945964665        -1.32504605348055374073739176155320951E-0004
   3019300.00000000000000000000000000000         1799999.99748920822879004121564111216         6.34667001749995581205712150191349894E-0012   20382.7738414076878791168687389261658        -1.32504605338201424853660699907339739E-0004
   3042000.00000000000000000000000000000         1799999.99840543949851331180107405667         6.34086674638234815385462567344702604E-0012   20382.7738019507200487731161932815178        -1.32504605388015139057826629445099138E-0004
   3064700.00000000000000000000000000000         1799999.99898732215806100823217309848         6.33506878166618081873400789521099875E-0012   20382.7737625298308992319723292145870        -1.32504605475671485305836586668540920E-0004
   3087400.00000000000000000000000000000         1799999.99935686578811117089703058664         6.32927611849804122572050662487298807E-0012   20382.7737231449874408339763850438487        -1.32504605587309809895656009639109163E-0004
   3110100.00000000000000000000000000000         1799999.99959155656681618437641740508         6.32348875202944542934442307984259595E-0012   20382.7736837961567140914877493661936        -1.32504605714127497827162823789735379E-0004
   3132800.00000000000000000000000000000         1799999.99974060462805569675594994838         6.31770667741665423761351048744695807E-0012   20382.7736444833057896586413433312561        -1.32504605850534207101180370922946193E-0004
   3155500.00000000000000000000000000000         1799999.99983526247818556590594320734         6.31192988982055505946131351431921609E-0012   20382.7736052064017683022281727511527        -1.32504605992979654793130776464893519E-0004
   3178200.00000000000000000000000000000         1799999.99989537804437441876788642232         6.30615838440658545903356714106924527E-0012   20382.7735659654117808731720974256651        -1.32504606139209164228788852284060795E-0004
   3200900.00000000000000000000000000000         1799999.99993355640246235608872563645         6.30039215634468317439900073567185156E-0012   20382.7735267603029882783940881712086        -1.32504606287790875849931969752985537E-0004
   3223600.00000000000000000000000000000         1799999.99995780281846852973991198836         6.29463120080925292934097358608083416E-0012   20382.7734875910425814529315238554775        -1.32504606437815486998632949780649515E-0004
   3246300.00000000000000000000000000000         1799999.99997320129861748898818772557         6.28887551297914390174161280674815405E-0012   20382.7734484575977813322284817125212        -1.32504606588705561838869614989458807E-0004
   3269000.00000000000000000000000000000         1799999.99998298060747846059479142876         6.28312508803763395494294046651453784E-0012   20382.7734093599358388245436847360289        -1.32504606740094427380367955672859613E-0004
   3291700.00000000000000000000000000000         1799999.99998919127767919798479676125         6.27737992117241816157683216279150938E-0012   20382.7733702980240347834422558454172        -1.32504606891749262434404243151046278E-0004
   3314400.00000000000000000000000000000         1799999.99999313556708559367532612246         6.27164000757560005232014123636715571E-0012   20382.7733312718296799803497923678526        -1.32504607043522252737741579811395335E-0004
   3337100.00000000000000000000000000000         1799999.99999564051718252942503543967         6.26590534244368459496412359998695737E-0012   20382.7732922813201150771551192740725        -1.32504607195319570415296511050507225E-0004
   3359800.00000000000000000000000000000         1799999.99999723136773673966968981853         6.26017592097757227271433174758023638E-0012   20382.7732533264627105988530572150510        -1.32504607347081673372417271293885747E-0004
   3382500.00000000000000000000000000000         1799999.99999824168945489477798951449         6.25445173838255386129578274313025298E-0012   20382.7732144072248669062216997172666        -1.32504607498770793779236245611506239E-0004
   3405200.00000000000000000000000000000         1799999.99999888332733311903793593801         6.24873278986830565079156063352732311E-0012   20382.7731755235740141685306978566059        -1.32504607650362992223138112573627665E-0004
   3427900.00000000000000000000000000000         1799999.99999929082047057605751581344         6.24301907064888495100455337806063605E-0012   20382.7731366754776123362783222566167        -1.32504607801843111438190417724563153E-0004
   3450600.00000000000000000000000000000         1799999.99999954961232609131643690599         6.23731057594272577805281766962582119E-0012   20382.7730978629031511139558790500443        -1.32504607953201571505902725414109700E-0004
   3473300.00000000000000000000000000000         1799999.99999971396656503377120782665         6.23160730097263465729446604346196143E-0012   20382.7730590858181499328385683622136        -1.32504608104432334542588719709666104E-0004
   3496000.00000000000000000000000000000         1799999.99999981834510432191540075947         6.22590924096578650139905292536306584E-0012   20382.7730203441901579238021986963751        -1.32504608255531612107539080263770256E-0004
   3518700.00000000000000000000000000000         1799999.99999988463411234525382395754         6.22021639115372053743353888873107121E-0012   20382.7729816379867538901653767087116        -1.32504608406497044300237786927470676E-0004
   3541400.00000000000000000000000000000         1799999.99999992673311674487939718609         6.21452874677233626638085145727098371E-0012   20382.7729429671755462805569226439776        -1.32504608557327178419237576029279252E-0004
   3564100.00000000000000000000000000000         1799999.99999995346946752592698781686         6.20884630306188944456852266332367594E-0012   20382.7729043317241731618083446925232        -1.32504608708021137867519357099164884E-0004
   3586800.00000000000000000000000000000         1799999.99999997044926225697701186828         6.20316905526698808032962333659659083E-0012   20382.7728657316003021918712581943093        -1.32504608858578411879952346076455392E-0004
   3609500.00000000000000000000000000000         1799999.99999998123283670472723772874         6.19749699863658844165772402261614217E-0012   20382.7728271667716305927596690389324        -1.32504609008998721982909736017896676E-0004
   3632200.00000000000000000000000000000         1799999.99999998808129863916546880046         6.19183012842399107216545815365950472E-0012   20382.7727886372058851235170618255587        -1.32504609159281937185121740156396832E-0004
   3654900.00000000000000000000000000000         1799999.99999999243063856301922418146         6.18616843988683681363841284731375746E-0012   20382.7727501428708220532082468150546        -1.32504609309428020116886271703003359E-0004
   3677600.00000000000000000000000000000         1799999.99999999519282924967591513733         6.18051192828710283409921202880535132E-0012   20382.7727116837342271339359282598956        -1.32504609459436992824052437042363806E-0004
   3700300.00000000000000000000000000000         1799999.99999999694704886070429793723         6.17486058889109866069207791097810315E-0012   20382.7726732597639155738819621320270        -1.32504609609308915044365267586139087E-0004
   3723000.00000000000000000000000000000         1799999.99999999806112344598981399836         6.16921441696946221694901864150485842E-0012   20382.7726348709277320103732747246859        -1.32504609759043870411254348079249027E-0004
   3745700.00000000000000000000000000000         1799999.99999999876865297865276414850         6.16357340779715586415798996674718713E-0012   20382.7725965171935504829724158044240        -1.32504609908641957692110809128403100E-0004
   3768400.00000000000000000000000000000         1799999.99999999921799276810856501856         6.15793755665346244665437755422486985E-0012   20382.7725581985292744065927213931518        -1.32504610058103285223871710036479554E-0004
   3791100.00000000000000000000000000000         1799999.99999999950336070975230503949         6.15230685882198134092124206095932375E-0012   20382.7725199149028365446380621581430        -1.32504610207427967379235431905846657E-0004
   3813800.00000000000000000000000000000         1799999.99999999968459296211217602231         6.14668130959062450842442327007612968E-0012   20382.7724816662821989821671539652177        -1.32504610356616122322448716990506326E-0004
   3836500.00000000000000000000000000000         1799999.99999999979969043629319871756         6.14106090425161255213441856358538789E-0012   20382.7724434526353530990824075242415        -1.32504610505667870584053713251224254E-0004
   3859200.00000000000000000000000000000         1799999.99999999987278685478578526460         6.13544563810147077670331032749539801E-0012   20382.7724052739303195433432943006864        -1.32504610654583334155828756587304375E-0004
   3881900.00000000000000000000000000000         1799999.99999999991920912803254533942         6.12983550644102525227541614827819886E-0012   20382.7723671301351482042042060297806        -1.32504610803362635915967330373768117E-0004
   3904600.00000000000000000000000000000         1799999.99999999994869111220958705638         6.12423050457539888191692818695595722E-0012   20382.7723290212179181854767852805196        -1.32504610952005899264110509650772911E-0004
   3927300.00000000000000000000000000000         1799999.99999999996741461130225591620         6.11863062781400747265398557850506449E-0012   20382.7722909471467377788167045945168        -1.32504611100513247889613777333239782E-0004
   3950000.00000000000000000000000000000         1799999.99999999997930558228195571180         6.11303587147055581011129120524884238E-0012   20382.7722529078897444370348717814977        -1.32504611248884805624332018383056066E-0004
   3972700.00000000000000000000000000000         1799999.99999999998685733263269146998         6.10744623086303373674506499416863908E-0012   20382.7722149034151047474330389967107        -1.32504611397120696349230375824228164E-0004
   3995400.00000000000000000000000000000         1799999.99999999999165331888622763186         6.10186170131371223366519232194269485E-0012   20382.7721769336910144051637932605793        -1.32504611545221043935153270266297950E-0004
   4018100.00000000000000000000000000000         1799999.99999999999469916694473327673         6.09628227814913950604211530894962214E-0012   20382.7721389986856981866149061106231        -1.32504611693185972205128305905927137E-0004
   4040800.00000000000000000000000000000         1799999.99999999999663353245478084515         6.09070795670013707209444892458371849E-0012   20382.7721010983674099228180201019432        -1.32504611841015604910537721870836087E-0004
   4063500.00000000000000000000000000000         1799999.99999999999786201458999850890         6.08513873230179585565356505496839577E-0012   20382.7720632327044324728816498966198        -1.32504611988710065716049273848365486E-0004
   4086200.00000000000000000000000000000         1799999.99999999999864220238217633670         6.07957460029347228230158291870926437E-0012   20382.7720254016650776974484757051873        -1.32504612136269478190020776897236622E-0004
   4108900.00000000000000000000000000000         1799999.99999999999913768617767773775         6.07401555601878437907930377834175383E-0012   20382.7719876052176864321769068650970        -1.32504612283693965798461576602370411E-0004
   4131600.00000000000000000000000000000         1799999.99999999999945235938080383397         6.06846159482560787776070771384626441E-0012   20382.7719498433306284612468933623825        -1.32504612430983651901256559759530414E-0004
   4154300.00000000000000000000000000000         1799999.99999999999965220289872440658         6.06291271206607232169067034534725445E-0012   20382.7719121159723024908899631236252        -1.32504612578138659749796660807270962E-0004
   4177000.00000000000000000000000000000         1799999.99999999999977912006630688518         6.05736890309655717618259797790152832E-0012   20382.7718744231111361229434629260082        -1.32504612725159112485499110480930843E-0004
   4199700.00000000000000000000000000000         1799999.99999999999985972296799099718         6.05183016327768794247269076009606741E-0012   20382.7718367647155858284289807936890        -1.32504612872045133138930606485692024E-0004
   4222400.00000000000000000000000000000         1799999.99999999999991091247910009604         6.04629648797433227522756513620668318E-0012   20382.7717991407541369211549277691706        -1.32504613018796844629259265935943914E-0004
   4245100.00000000000000000000000000000         1799999.99999999999994342205372878523         6.04076787255559610360197312864457319E-0012   20382.7717615511953035313432569686250        -1.32504613165414369763934940498852808E-0004
   4267800.00000000000000000000000000000         1799999.99999999999996406832324063552         6.03524431239481975584336533060463552E-0012   20382.7717239960076285792802978504028        -1.32504613311897831238580573425900755E-0004
   4290500.00000000000000000000000000000         1799999.99999999999997718041251355350         6.02972580286957408744004486932121086E-0012   20382.7716864751596837489916836461854        -1.32504613458247351636931994781285250E-0004
   4313200.00000000000000000000000000000         1799999.99999999999998550767400756320         6.02421233936165661280967629969794738E-0012   20382.7716489886200694619413499244145        -1.32504613604463053430780495601587244E-0004
   4335900.00000000000000000000000000000         1799999.99999999999999079617399763220         6.01870391725708764052490598962738927E-0012   20382.7716115363574148507545822758053        -1.32504613750545058980056758842209461E-0004
   4358600.00000000000000000000000000000         1799999.99999999999999415480902609622         6.01320053194610641207285681529167425E-0012   20382.7715741183403777329650911308580        -1.32504613896493490532896881548707408E-0004
   4381300.00000000000000000000000000000         1799999.99999999999999628782013994874         6.00770217882316724414526877832332597E-0012   20382.7715367345376445847860917394471        -1.32504614042308470225700506452257569E-0004
   4404000.00000000000000000000000000000         1799999.99999999999999764245866817831         6.00220885328693567445605457781644141E-0012   20382.7714993849179305149053673626133        -1.32504614187990120083206430301248381E-0004
   4426700.00000000000000000000000000000         1799999.99999999999999850276620724623         5.99672055074028461108304601903046880E-0012   20382.7714620694499792383042937467545        -1.32504614333538562018600113322488335E-0004
   4449400.00000000000000000000000000000         1799999.99999999999999904913267058980         5.99123726659029048533070540727734703E-0012   20382.7714247881025630501008029705297        -1.32504614478953917833610931344789031E-0004
   4472100.00000000000000000000000000000         1799999.99999999999999939612057748387         5.98575899624822940811058617965315103E-0012   20382.7713875408444827994162647747304        -1.32504614624236309218618372492585596E-0004
   4494800.00000000000000000000000000000         1799999.99999999999999961648660579751         5.98028573512957332983632233454354905E-0012   20382.7713503276445678632662635054817        -1.32504614769385857752690116092767459E-0004
   4517500.00000000000000000000000000000         1799999.99999999999999975643726537329         5.97481747865398620382994008564356393E-0012   20382.7713131484716761204752488210485        -1.32504614914402684903774869400477301E-0004
   4540200.00000000000000000000000000000         1799999.99999999999999984531751277648         5.96935422224532015323626571987497497E-0012   20382.7712760032946939256150383325788        -1.32504615059286912028762237281600970E-0004
   4562900.00000000000000000000000000000         1799999.99999999999999990176382322891         5.96389596133161164144224460486532956E-0012   20382.7712388920825360829671503690335        -1.32504615204038660373520009401648550E-0004
   4585600.00000000000000000000000000000         1799999.99999999999999993761190035255         5.95844269134507764599794486032641344E-0012   20382.7712018148041458205089450764711        -1.32504615348658051073120585611494973E-0004
   4608300.00000000000000000000000000000         1799999.99999999999999996037839515388         5.95299440772211183603605539666508104E-0012   20382.7711647714284947639235520818659        -1.32504615493145205151845121117821101E-0004
   4631000.00000000000000000000000000000         1799999.99999999999999997483700289880         5.94755110590328075318667952650981811E-0012   20382.7711277619245829106335629714378        -1.32504615637500243523304902065240243E-0004
   4653700.00000000000000000000000000000         1799999.99999999999999998401941502420         5.94211278133331999598422209951792980E-0012   20382.7710907862614386038584668534462        -1.32504615781723286990562917066613275E-0004
   4676400.00000000000000000000000000000         1799999.99999999999999998985100641486         5.93667942946113040776318252723865713E-0012   20382.7710538444081185066958072952127        -1.32504615925814456246231102490134852E-0004
   4699100.00000000000000000000000000000         1799999.99999999999999999355454941412         5.93125104573977426803965955417057229E-0012   20382.7710169363337075762260389440313        -1.32504616069773871872556991312148661E-0004
   4721800.00000000000000000000000000000         1799999.99999999999999999590660562492         5.92582762562647148737538517273530631E-0012   20382.7709800620073190376410621614215        -1.32504616213601654341525738912686698E-0004
   4744500.00000000000000000000000000000         1799999.99999999999999999740035591194         5.92040916458259580572109763916171153E-0012   20382.7709432213980943583964140200228        -1.32504616357297924014986875970509230E-0004
   4767200.00000000000000000000000000000         1799999.99999999999999999834901092711         5.91499565807367099423607661082534250E-0012   20382.7709064144752032223870940321999        -1.32504616500862801144720014173897582E-0004
   4789900.00000000000000000000000000000         1799999.99999999999999999895148534698         5.90958710156936706058066076214575956E-0012   20382.7708696412078435041470029992427        -1.32504616644296405872530786799278479E-0004
   4812600.00000000000000000000000000000         1799999.99999999999999999933410644834         5.90418349054349645767857149146263348E-0012   20382.7708329015652412430719733897656        -1.32504616787598858230408228631887064E-0004
   4835300.00000000000000000000000000000         1799999.99999999999999999957710250304         5.89878482047401029594586738823320855E-0012   20382.7707961955166506176663696756811        -1.32504616930770278140596793693294144E-0004
   4858000.00000000000000000000000000000         1799999.99999999999999999973142510182         5.89339108684299455898336727799822628E-0012   20382.7707595230313539198132370738485        -1.32504617073810785415632346609138313E-0004
   4880700.00000000000000000000000000000         1799999.99999999999999999982943271964         5.88800228513666632272936905107066009E-0012   20382.7707228840786615290679771611677        -1.32504617216720499758527007778817952E-0004
   4903400.00000000000000000000000000000         1799999.99999999999999999989167566522         5.88261841084536997806949782243117255E-0012   20382.7706862786279118869755288506289        -1.32504617359499540762868479195436840E-0004
   4926100.00000000000000000000000000000         1799999.99999999999999999993120508543         5.87723945946357345690052939971197829E-0012   20382.7706497066484714714110332354798        -1.32504617502148027912849536386933210E-0004
   4948800.00000000000000000000000000000         1799999.99999999999999999995630953759         5.87186542648986446164502759542293118E-0012   20382.7706131681097347709439608282862        -1.32504617644666080583439282839650383E-0004
   4971500.00000000000000000000000000000         1799999.99999999999999999997225294165         5.86649630742694669821363577975554486E-0012   20382.7705766629811242592256797413733        -1.32504617787053818040443897787127819E-0004
   4994200.00000000000000000000000000000         1799999.99999999999999999998237832241         5.86113209778163611241188002332296136E-0012   20382.7705401912320903694004433746790        -1.32504617929311359440604878276098964E-0004
   5016900.00000000000000000000000000000         1799999.99999999999999999998880877683         5.85577279306485712978832257737393501E-0012   20382.7705037528321114685397761966775        -1.32504618071438823831731605250778502E-0004
   5039600.00000000000000000000000000000         1799999.99999999999999999999289264749         5.85041838879163889892092874821538761E-0012   20382.7704673477506938321002362236503        -1.32504618213436330152772117544733244E-0004
   5062300.00000000000000000000000000000         1799999.99999999999999999999548624322         5.84506888048111153813849686308924225E-0012   20382.7704309759573716184045328220522        -1.32504618355303997233918868676252097E-0004
   5085000.00000000000000000000000000000         1799999.99999999999999999999713339084         5.83972426365650238567401514522160726E-0012   20382.7703946374217068431459784783752        -1.32504618497041943796707864138324404E-0004
   5107700.00000000000000000000000000000         1799999.99999999999999999999817946615         5.83438453384513225324680280512546166E-0012   20382.7703583321132893539162532003466        -1.32504618638650288454118836822859853E-0004
   5130400.00000000000000000000000000000         1799999.99999999999999999999884381032         5.82904968657841168307030461959028450E-0012   20382.7703220600017368047564602328686        -1.32504618780129149710688804968929688E-0004
   5153100.00000000000000000000000000000         1799999.99999999999999999999926572393         5.82371971739183720828240154777082695E-0012   20382.7702858210566946307314517915691        -1.32504618921478645962594994707619578E-0004
   5175800.00000000000000000000000000000         1799999.99999999999999999999953367390         5.81839462182498761679511473068940382E-0012   20382.7702496152478360225274035363144        -1.32504619062698895497743752218962993E-0004
   5198500.00000000000000000000000000000         1799999.99999999999999999999970384450         5.81307439542152021856056905937415419E-0012   20382.7702134425448619010726165264898        -1.32504619203790016495885914602623698E-0004
   5221200.00000000000000000000000000000         1799999.99999999999999999999981191658         5.80775903372916711625009813929514900E-0012   20382.7701773029175008921815254192863        -1.32504619344752127028727851490474880E-0004
   5243900.00000000000000000000000000000         1799999.99999999999999999999988055157         5.80244853229973147934336448843310262E-0012   20382.7701411963355093012218916916761        -1.32504619485585345060001541415435308E-0004
   5266600.00000000000000000000000000000         1799999.99999999999999999999992414031         5.79714288668908382162438440647796008E-0012   20382.7701051227686710878051606861232        -1.32504619626289788445573849596666045E-0004
   5289300.00000000000000000000000000000         1799999.99999999999999999999995182279         5.79184209245715828208133266307489257E-0012   20382.7700690821867978404999612994933        -1.32504619766865574933565602370360752E-0004
   5312000.00000000000000000000000000000         1799999.99999999999999999999996940341         5.78654614516794890920702379878920747E-0012   20382.7700330745597287515687271539805        -1.32504619907312822164415331097253160E-0004
   5334700.00000000000000000000000000000         1799999.99999999999999999999998056873         5.78125504038950594869695419167960063E-0012   20382.7699970998573305917274181082151        -1.32504620047631647671017091151991201E-0004
   5357400.00000000000000000000000000000         1799999.99999999999999999999998765954         5.77596877369393213454180104899832742E-0012   20382.7699611580494976849283209860570        -1.32504620187822168878761959295167242E-0004
   5380100.00000000000000000000000000000         1799999.99999999999999999999999216279         5.77068734065737898351127634371890164E-0012   20382.7699252491061518831659084198872        -1.32504620327884503105677621122557110E-0004
   5402800.00000000000000000000000000000         1799999.99999999999999999999999502258         5.76541073686004309302622758544670796E-0012   20382.7698893729972425413057347245001        -1.32504620467818767562568435900862214E-0004
   5425500.00000000000000000000000000000         1799999.99999999999999999999999683890         5.76013895788616244241589460650505860E-0012   20382.7698535296927464919363477370090        -1.32504620607625079353025003846158491E-0004
   5448200.00000000000000000000000000000         1799999.99999999999999999999999799243         5.75487199932401269755722676670367865E-0012   20382.7698177191626680202441955773858        -1.32504620747303555473548272514668357E-0004
   5470900.00000000000000000000000000000         1799999.99999999999999999999999872510         5.74960985676590351889316227457730606E-0012   20382.7697819413770388389115073035511        -1.32504620886854312813681126592427261E-0004
   5493600.00000000000000000000000000000         1799999.99999999999999999999999919039         5.74435252580817487282678489375529171E-0012   20382.7697461963059180630371264541119        -1.32504621026277468156097759541063399E-0004
   5516300.00000000000000000000000000000         1799999.99999999999999999999999948584         5.73910000205119334648826877949866439E-0012   20382.7697104839193921850802764911031        -1.32504621165573138176682046929706546E-0004
   5539000.00000000000000000000000000000         1799999.99999999999999999999999967345         5.73385228109934846587153068809069548E-0012   20382.7696748041875750498272371742326        -1.32504621304741439444622258562696982E-0004
   5561700.00000000000000000000000000000         1799999.99999999999999999999999979260         5.72860935856104901733750410903514877E-0012   20382.7696391570806078293809109173172        -1.32504621443782488422520715518320238E-0004
   5584400.00000000000000000000000000000         1799999.99999999999999999999999986813         5.72337123004871937248096022784793726E-0012   20382.7696035425686589981732581967737        -1.32504621582696401466495527472988114E-0004
   5607100.00000000000000000000000000000         1799999.99999999999999999999999991639         5.71813789117879581635779720280197783E-0012   20382.7695679606219243080005811011379        -1.32504621721483294826292062718298000E-0004
   5629800.00000000000000000000000000000         1799999.99999999999999999999999994689         5.71290933757172287906972782118829982E-0012   20382.7695324112106267630816341297218        -1.32504621860143284645330444110982482E-0004
   5652500.00000000000000000000000000000         1799999.99999999999999999999999996627         5.70768556485194967070329593887137979E-0012   20382.7694968943050165951385413676200        -1.32504621998676486960849060581057679E-0004
   5675200.00000000000000000000000000000         1799999.99999999999999999999999997859         5.70246656864792621962014935892055036E-0012   20382.7694614098753712385004991833571        -1.32504622137083017703973678115385129E-0004
   5697900.00000000000000000000000000000         1799999.99999999999999999999999998627         5.69725234459209981409551350446036699E-0012   20382.7694259578919953052302436145355        -1.32504622275362992699844364639748714E-0004
   5720600.00000000000000000000000000000         1799999.99999999999999999999999999132         5.69204288832091134730179303419943511E-0012   20382.7693905383252205602732616259085        -1.32504622413516527667687001991831705E-0004
   5743300.00000000000000000000000000000         1799999.99999999999999999999999999455         5.68683819547479166563425683231879313E-0012   20382.7693551511454058966297254433232        -1.32504622551543738220900776923770194E-0004
   5766000.00000000000000000000000000000         1799999.99999999999999999999999999657         5.68163826169815792037573533908447050E-0012   20382.7693197963229373105491291859760        -1.32504622689444739867199066226968566E-0004
   5788700.00000000000000000000000000000         1799999.99999999999999999999999999778         5.67644308263940992269728950105990269E-0012   20382.7692844738282278767476070384804        -1.32504622827219648008659192513030215E-0004
   5811400.00000000000000000000000000000         1799999.99999999999999999999999999859         5.67125265395092650199179311717242038E-0012   20382.7692491836317177236479122231536        -1.32504622964868577941854857623755278E-0004
   5834100.00000000000000000000000000000         1799999.99999999999999999999999999919         5.66606697128906186753738498468279761E-0012   20382.7692139257038740086420360519525        -1.32504623102391644857923117895100733E-0004
   5856800.00000000000000000000000000000         1799999.99999999999999999999999999939         5.66088603031414197348774517754050947E-0012   20382.7691787000151908933764463564042        -1.32504623239788963842681664449506185E-0004
   5879500.00000000000000000000000000000         1799999.99999999999999999999999999960         5.65570982669046088718615198800425671E-0012   20382.7691435065361895190599246128072        -1.32504623377060649876714377929892405E-0004
   5902200.00000000000000000000000000000         1799999.99999999999999999999999999960         5.65053835608627716080028337630469250E-0012   20382.7691083452374179817939810989114        -1.32504623514206817835454428961061144E-0004
   5924900.00000000000000000000000000000         1799999.99999999999999999999999999980         5.64537161417381020627472343325407532E-0012   20382.7690732160894513079258274371542        -1.32504623651227582489322691699467953E-0004
   5947600.00000000000000000000000000000         1800000.00000000000000000000000000000         5.64020959662923667359814044857588878E-0012   20382.7690381190628914294238858984200        -1.32504623788123058503806618652413446E-0004
   5970300.00000000000000000000000000000         1800000.00000000000000000000000000000         5.63505229913268683238210875827346193E-0012   20382.7690030541283671592758148591646        -1.32504623924893360439518153855571217E-0004
   5993000.00000000000000000000000000000         1800000.00000000000000000000000000000         5.62989971736824095674854443051343315E-0012   20382.7689680212565341669090298235559        -1.32504624061538602752306486162955504E-0004
   6015700.00000000000000000000000000000         1800000.00000000000000000000000000000         5.62475184702392571352272797798780955E-0012   20382.7689330204180749536336994411188        -1.32504624198058899793412925557879697E-0004
   6038400.00000000000000000000000000000         1800000.00000000000000000000000000000         5.61960868379171055372889096280548675E-0012   20382.7688980515836988281081959692233        -1.32504624334454365809504173123627932E-0004
   6061100.00000000000000000000000000000         1800000.00000000000000000000000000000         5.61447022336750410738535380234933596E-0012   20382.7688631147241418818269796484747        -1.32504624470725114942749105312539305E-0004
   6083800.00000000000000000000000000000         1800000.00000000000000000000000000000         5.60933646145115058159618826000067564E-0012   20382.7688282098101669646308964778750        -1.32504624606871261230989285173846143E-0004
   6106500.00000000000000000000000000000         1800000.00000000000000000000000000000         5.60420739374642616193639484627080694E-0012   20382.7687933368125636602398688954185        -1.32504624742892918607789318726414727E-0004
   6129200.00000000000000000000000000000         1800000.00000000000000000000000000000         5.59908301596103541712758531360245669E-0012   20382.7687584957021482618079588884343        -1.32504624878790200902516351041813521E-0004
   6151900.00000000000000000000000000000         1800000.00000000000000000000000000000         5.59396332380660770700115852564511911E-0012   20382.7687236864497637475007830768039        -1.32504625014563221840459747714764372E-0004
   6174600.00000000000000000000000000000         1800000.00000000000000000000000000000         5.58884831299869359374596419650719357E-0012   20382.7686889090262797560952593308232        -1.32504625150212095042944051460003613E-0004
   6197300.00000000000000000000000000000         1800000.00000000000000000000000000000         5.58373797925676125643745119388473124E-0012   20382.7686541634025925626016645041928        -1.32504625285736934027382971892524629E-0004
   6220000.00000000000000000000000000000         1800000.00000000000000000000000000000         5.57863231830419290884530306100432467E-0012   20382.7686194495496250539079828813132        -1.32504625421137852207379070113154494E-0004
   6242700.00000000000000000000000000000         1800000.00000000000000000000000000000         5.57353132586828122051655719761877657E-0012   20382.7685847674383267044465249566403        -1.32504625556414962892876931049865818E-0004
   6265400.00000000000000000000000000000         1800000.00000000000000000000000000000         5.56843499768022574113121580870846833E-0012   20382.7685501170396735518827961826047        -1.32504625691568379290198326463227319E-0004
   6288100.00000000000000000000000000000         1800000.00000000000000000000000000000         5.56334332947512932812735943526060677E-0012   20382.7685154983246681728265953411114        -1.32504625826598214502107131906932376E-0004
   6310800.00000000000000000000000000000         1800000.00000000000000000000000000000         5.55825631699199457759276859689062651E-0012   20382.7684809112643396585653222123051        -1.32504625961504581528001649907505995E-0004
   6333500.00000000000000000000000000000         1800000.00000000000000000000000000000         5.55317395597372025842006499483085474E-0012   20382.7684463558297435908194742328553        -1.32504626096287593263960027235710845E-0004
   6356200.00000000000000000000000000000         1800000.00000000000000000000000000000         5.54809624216709774972239746379221629E-0012   20382.7684118319919620175203118545846        -1.32504626230947362502805907912960060E-0004
   6378900.00000000000000000000000000000         1800000.00000000000000000000000000000         5.54302317132280748150668137322797276E-0012   20382.7683773397221034286096723327943        -1.32504626365484001934227845761744032E-0004
   6401600.00000000000000000000000000000         1800000.00000000000000000000000000000         5.53795473919541537860141962588568058E-0012   20382.7683428789913027318619116922208        -1.32504626499897624144890961392188416E-0004
   6424300.00000000000000000000000000000         1800000.00000000000000000000000000000         5.53289094154336930783612287459457957E-0012   20382.7683084497707212287279546370324        -1.32504626634188341618506337008148863E-0004
   6447000.00000000000000000000000000000         1800000.00000000000000000000000000000         5.52783177412899552846936450362567984E-0012   20382.7682740520315465902014321898033        -1.32504626768356266735925245375092116E-0004
   6469700.00000000000000000000000000000         1800000.00000000000000000000000000000         5.52277723271849514586248972892314378E-0012   20382.7682396857449928327068868628685        -1.32504626902401511775281561038190572E-0004
   6492400.00000000000000000000000000000         1800000.00000000000000000000000000000         5.51772731308194056839601914082982177E-0012   20382.7682053508823002940100251839535        -1.32504627036324188911991915296548813E-0004
   6515100.00000000000000000000000000000         1800000.00000000000000000000000000000         5.51268201099327196762578041773908571E-0012   20382.7681710474147356091499974163878        -1.32504627170124410218913922537046001E-0004
   6537800.00000000000000000000000000000         1800000.00000000000000000000000000000         5.50764132223029374167579906427841486E-0012   20382.7681367753135916863936843326815        -1.32504627303802287666475403219186201E-0004
   6560500.00000000000000000000000000000         1800000.00000000000000000000000000000         5.50260524257467098186499678391280640E-0012   20382.7681025345501876832119709186447        -1.26995367328910115869999474375006741E-0004
   6583200.00000000000000000000000000000         1800000.00000000000000000000000000000         5.49757376781192594256473844374381278E-0012   20382.7680683250958689822779869036257        -1.71109785692359550646020862908408723E-0004
   6605900.00000000000000000000000000000         1800000.00000000000000000000000000000         5.49003537206461418277610545884028417E-0012   20382.7680341469220071674872940308191         0.00000000000000000000000000000000000      
   6628600.00000000000000000000000000000         1800000.00000000000000000000000000000         5.48501539094596212433947369232084418E-0012   20382.7679999999999999999999999999994         0.00000000000000000000000000000000000      
