   817400.000000000000000000000000000000         8000.00000000000000000000000000000000         2.25503579920044488088954566206862649E-0007   7.04399800148144716475111533726718206      
   840100.000000000000000000000000000000         8000.00000000000000000000000000000000         1.83553524400469605688628052157460542E-0007   5.77626736607821553780103408386801346      
   862800.000000000000000000000000000000         8000.00000000000000000000000000000000         1.49407367864313876965169472887732036E-0007   4.74437055006662161118642465578693686      
   885500.000000000000000000000000000000         8000.00000000000000000000000000000000         1.21613363976819944174047211805388340E-0007   3.90443578067755729759543301211441607      
   908200.000000000000000000000000000000         8000.00000000000000000000000000000000         9.89898323567953719624782199410384480E-0008   3.22075267798569466648183981284379245      
   930900.000000000000000000000000000000         8000.00000000000000000000000000000000         8.05749186569181911440946948029850011E-0008   2.66425400458709624544922151616871242      
   953600.000000000000000000000000000000         8000.00000000000000000000000000000000         6.55857006926560773006770206443761536E-0008   2.21127985285648344840339707689255973      
   976300.000000000000000000000000000000         8000.00000000000000000000000000000000         5.33849019899363050940582807713585563E-0008   1.84257172839146473630437331733182671      
   999000.000000000000000000000000000000         8000.00000000000000000000000000000000         4.34537975561222691598425492789046217E-0008   1.54245376243882982846006541819539550      
   1021700.00000000000000000000000000000         8000.00000000000000000000000000000000         3.53701599453046142191700851427894300E-0008   1.29816624200993725099085258349175038      
   1044400.00000000000000000000000000000         8000.00000000000000000000000000000000         2.87903079803474827870775349056480512E-0008   1.09932312227909504253989546223112152      
   1067100.00000000000000000000000000000         8000.00000000000000000000000000000000         2.34344949212844582442967615846081265E-0008  0.937470457047254123187742816471094712      
   1089800.00000000000000000000000000000         8000.00000000000000000000000000000000         1.90750148484197919816912190702788430E-0008  0.805726973651348087303965501303947026      
   1112500.00000000000000000000000000000         8000.00000000000000000000000000000000         1.55265215951789914234541377433694849E-0008  0.698491511124822489757936868521702337      
   1135200.00000000000000000000000000000         8000.00000000000000000000000000000000         1.26381486337626875418051336356683617E-0008  0.611204883150059041114124411115826717      
   1157900.00000000000000000000000000000         8000.00000000000000000000000000000000         1.02870948853522902636059526221771406E-0008  0.540156041249273243936214646200646455      
   1180600.00000000000000000000000000000         8000.00000000000000000000000000000000         8.37340375136375872681246639639901853E-0009  0.482324297114280088400422564981060865      
   1203300.00000000000000000000000000000         8000.00000000000000000000000000008599         6.81571339282456301640426778131843729E-0009  0.435250896053560967827237748876584207      
   1226000.00000000000000000000000000000         8000.00000000000000000000000000043151         5.54779757820256292905093220637107079E-0009  0.396934481417148510590647374431200182      
   1248700.00000000000000000000000000000         8000.00000000000000000000000000422751         4.51575003155395326973249166306232998E-0009  0.365746005600503226051188298756693944      
   1271400.00000000000000000000000000000         8000.00000000000000000000000004081093         3.67569257169731777434854402702851354E-0009  0.340359470012669765065358821668180027      
   1294100.00000000000000000000000000000         8000.00000000000000000000000039491087         2.99190960244129231786263464846858537E-0009  0.319695549372842346189915146523403962      
   1316800.00000000000000000000000000000         8000.00000000000000000000000382244997         2.43532964048918910680244785202089142E-0009  0.302875703485177196815179046236623687      
   1339500.00000000000000000000000000000         8000.00000000000000000000003699878420         1.98228932217933836267780679129665569E-0009  0.289184825523734879553454275142781969      
   1362200.00000000000000000000000000000         8000.00000000000000000000035812610030         1.61352733999365306805106555007078197E-0009  0.278040838794785932851550232423198436      
   1384900.00000000000000000000000000000         8000.00000000000000000000346644590647         1.31336553538245658715082306167239613E-0009  0.268969949362804819459085708182085203      
   1407600.00000000000000000000000000000         8000.00000000000000000003355311899852         1.06904233152766532265281545608590002E-0009  0.261586502389246996292198720651012547      
   1430300.00000000000000000000000000000         8000.00000000000000000032477408750872         8.70170166499233118822427759723325317E-0010  0.255576585763085028847770452313174483      
   1453000.00000000000000000000000000000         8000.00000000000000000314361856745426         7.08293859218153804097302959430830915E-0010  0.250684683920656881247059964357069603      
   1475700.00000000000000000000000000000         8000.00000000000000003042834412051977         5.76531131864066281385342674395798427E-0010  0.246702814433187060927396491989667297      
   1498400.00000000000000000000000000000         8000.00000000000000029452813885138540         4.69280005300859405496465227418112964E-0010  0.243461685496844129297899897427769667      
   1521100.00000000000000000000000000000         8000.00000000000000285085590696583811         3.81980627244078605666552293243531645E-0010  0.240823498380200446738016569273258907      
   1543800.00000000000000000000000000000         8000.00000000000002759457698668962426         3.10921407137804852801167493610578990E-0010  0.238676088820407391695703555683744552      
   1566500.00000000000000000000000000000         8000.00000000000026709897094895955220         2.53081215437611437512211177081098330E-0010  0.236928158285685801448123621479659751      
   1589200.00000000000000000000000000000         8000.00000000000258535799684137685868         2.06000938298181459146697195842947157E-0010  0.235505392358115590460188734000085423      
   1611900.00000000000000000000000000000         8000.00000000002502471629929615134911         1.67678926728532374393612505760176608E-0010  0.234347301207212304282359408754494103      
   1634600.00000000000000000000000000000         8000.00000000024222425931934902402015         1.36485895166821839123115110636676462E-0010  0.233404647824943762844797380506866944      
   1657300.00000000000000000000000000000         8000.00000000234458569284389506791028         1.11095651331592512494654506106029522E-0010  0.232637354681904688472033486293837749      
   1680000.00000000000000000000000000000         8000.00000002269418466397647549292919         9.04287122834582194736984841234075691E-0011  0.232012799804757845677316770696490568      
   1702700.00000000000000000000000000000         8000.00000021966610951118912897979462         7.36064094969579964966165328275902576E-0011  0.231504429831551836253085555436422417      
   1725400.00000000000000000000000000000         8000.00000212623631922455565891947709         5.99135316894801297454363089357205879E-0011  0.231090631078048786295004051626153625      
   1748100.00000000000000000000000000000         8000.00002058069355900145942707027654         4.87679171425228530877250824882085408E-0011  0.230753810617702365572847599861714800      
   1770800.00000000000000000000000000000         8000.00019920878196932509463493003019         3.96957027127984083199343293313287724E-0011  0.230479648306788822367301103150650371      
   1793500.00000000000000000000000000000         8000.00192822164450389791041666959116         3.23111772285516765212609314271901509E-0011  0.230256487953988888531082357249118225      
   1816200.00000000000000000000000000000         8000.01866402998121718693258431304854         2.63003827247006350157238244440241427E-0011  0.230074841749137732441702041224280919      
   1838900.00000000000000000000000000000         8000.18065661066313965640295507745593         2.14077663104881600425341383981801195E-0011  0.229926986878007394779578369346249259      
   1861600.00000000000000000000000000000         8001.74864621426364858640210103089652         1.74253151559845929915369680098662268E-0011  0.229806637144589988471318788447021835      
   1884300.00000000000000000000000000000         8016.92570423896400771898566821326788         1.41837131187192035157690817477783601E-0011  0.229708675416382627862006981039153584      
   1907000.00000000000000000000000000000         8163.81724594307340505526845857282173         1.15451858505780207018675542831028091E-0011  0.229628933758625912758996074371048786      
   1929700.00000000000000000000000000000         9584.39566874738726484475482845405578         9.40053518047339776348680505852843673E-0012  0.229563998096564505505325223154322780      
   1952400.00000000000000000000000000000         23219.2102301466780368889408268840448         7.74173676104286668618495919727649901E-0012  0.229510923549486111695802435137935821      
   1975100.00000000000000000000000000000         145199.457654447394753929971090587230         6.83420581542297361957224226184672166E-0012  0.229466227127850320629369889935486279      
   1997800.00000000000000000000000000000         805835.610687871141940777474873705826         6.61656611333751456149474793928896150E-0012  0.229424590660588446817930207130939469      
   2020500.00000000000000000000000000000         1595618.13274661478562356367312074202         6.60621616338110154516380353504702902E-0012  0.229383423705352400218175584287394849      
   2043200.00000000000000000000000000000         1776479.42953991177787640911916742611         6.60116069968872633080001453240789971E-0012  0.229342340784443588483083010351997956      
   2065900.00000000000000000000000000000         1797541.09901341294713510197491247474         6.59524935891770858121683042211333533E-0012  0.229301300238207427255279633606681672      
   2088600.00000000000000000000000000000         1799745.65263091698206082502590864066         6.58923191307895082459710481944671583E-0012  0.229260297715267750395150320849898027      
   2111300.00000000000000000000000000000         1799973.71947404466132568143102606138         6.58320820522543699003512964596548821E-0012  0.229219332735496851880715497572908918      
   2134000.00000000000000000000000000000         1799997.28486586485879522593068600549         6.57718878832644446230228322152739209E-0012  0.229178405218594606986635870952487859      
   2156700.00000000000000000000000000000         1799999.71949319218138612435538808701         6.57117474981899360639055520238684478E-0012  0.229137515125560614063051480419863973      
   2179400.00000000000000000000000000000         1799999.97102022608847570078517303312         6.56516619746172133780891838879391870E-0012  0.229096662421685441685037716519713518      
   2202100.00000000000000000000000000000         1799999.99700603633546957485044583796         6.55916313786872020036928397251826507E-0012  0.229055847072730619585126597813687785      
   2224800.00000000000000000000000000000         1799999.99969068708626438285660400392         6.55316556721799289319995672537986591E-0012  0.229015069044534320135759657030213849      
   2247500.00000000000000000000000000000         1799999.99996804420854917152081293213         6.54717348061446854485705952635207305E-0012  0.228974328302970632059654086973293852      
   2270200.00000000000000000000000000000         1799999.99999669857751888122406077725         6.54118687305643128514213597950366827E-0012  0.228933624813945331147623130886648285      
   2292900.00000000000000000000000000000         1799999.99999965892284609969809721667         6.53520573953526906380267283777981174E-0012  0.228892958543395418137498011931267260      
   2315600.00000000000000000000000000000         1799999.99999996476257565401471400352         6.52923007504576573643094872466233754E-0012  0.228852329457289045454198981382384843      
   2338300.00000000000000000000000000000         1799999.99999999635954487030288464514         6.52325987458715963402770798270475820E-0012  0.228811737521625484110537369313383484      
   2361000.00000000000000000000000000000         1799999.99999999962389664405628503737         6.51729513316324907355325267562566009E-0012  0.228771182702435094776667428522109941      
   2383700.00000000000000000000000000000         1799999.99999999996114394236088457828         6.51133584578239949933772301326568337E-0012  0.228730664965779299303146295506397942      
   2406400.00000000000000000000000000000         1799999.99999999999598569597586838629         6.50538200745754047448173666796920916E-0012  0.228690184277750552314122629178402713      
   2429100.00000000000000000000000000000         1799999.99999999999958527349975060102         6.49943361320616162802125416488828627E-0012  0.228649740604472312831050743798900557      
   2451800.00000000000000000000000000000         1799999.99999999999995715370112100013         6.49349065805030849773069628960359568E-0012  0.228609333912099015922821192930859978      
   2474500.00000000000000000000000000000         1799999.99999999999999557345545431845         6.48755313701657836557283249470386606E-0012  0.228568964166816044381862404685913325      
   2497200.00000000000000000000000000000         1799999.99999999999999954268403275064         6.48162104513611609580531177915880147E-0012  0.228528631334839700426146140891889728      
   2519900.00000000000000000000000000000         1799999.99999999999999995275369043660         6.47569437744460997677390890414782646E-0012  0.228488335382417177427068606329745363      
   2542600.00000000000000000000000000000         1799999.99999999999999999511888075796         6.46977312898228756649568738518945720E-0012  0.228448076275826531663183084619964428      
   2565300.00000000000000000000000000000         1799999.99999999999999999949572092998         6.46385729479391154203961400444433186E-0012  0.228407853981376654099760414813735075      
   2588000.00000000000000000000000000000         1799999.99999999999999999994790182989         6.45794686992877555270228794007788539E-0012  0.228367668465407242194153687280588162      
   2610700.00000000000000000000000000000         1799999.99999999999999999999461762441         6.45204184944070007697543152866418282E-0012  0.228327519694288771726943563508953399      
   2633400.00000000000000000000000000000         1799999.99999999999999999999944393510         6.44614222838802828330168764443514699E-0012  0.228287407634422468658840646468067408      
   2656100.00000000000000000000000000000         1799999.99999999999999999999994255154         6.44024800183362189461526099032872300E-0012  0.228247332252240281013321349781832945      
   2678800.00000000000000000000000000000         1799999.99999999999999999999999406494         6.43435916484485705666394264242909451E-0012  0.228207293514204850784973735505354770      
   2701500.00000000000000000000000000000         1799999.99999999999999999999999938668         6.42847571249362021010906023802477322E-0012  0.228167291386809485873529811810944075      
   2724200.00000000000000000000000000000         1799999.99999999999999999999999993659         6.42259763985630396639989934730763675E-0012  0.228127325836578132043560803386325060      
   2746900.00000000000000000000000000000         1799999.99999999999999999999999999354         6.41672494201380298741914472609540581E-0012  0.228087396830065344909811928824016934      
   2769600.00000000000000000000000000000         1799999.99999999999999999999999999939         6.41085761405150986889589330265153091E-0012  0.228047504333856261948153240737462326      
   2792300.00000000000000000000000000000         1800000.00000000000000000000000000000         6.40499565105931102758279390460114255E-0012  0.228007648314566574532123105776450694      
   2815000.00000000000000000000000000000         1800000.00000000000000000000000000000         6.39913904813158259219387188200413560E-0012  0.227967828738842499995040923131761075      
   2837700.00000000000000000000000000000         1800000.00000000000000000000000000000         6.39328780036718629809959992970177045E-0012  0.227928045573360753717665701516740983      
   2860400.00000000000000000000000000000         1800000.00000000000000000000000000000         6.38744190286946538577577955646227861E-0012  0.227888298784828521241377135991764862      
   2883100.00000000000000000000000000000         1800000.00000000000000000000000000000         6.38160135074624050300280078972301560E-0012  0.227848588339983430406855847356194197      
   2905800.00000000000000000000000000000         1800000.00000000000000000000000000000         6.37576613910980561081185084336128096E-0012  0.227808914205593523518239468171610268      
   2928500.00000000000000000000000000000         1800000.00000000000000000000000000000         6.36993626307692389317464561155272527E-0012  0.227769276348457229532731280799727190      
   2951200.00000000000000000000000000000         1800000.00000000000000000000000000000         6.36411171776882367043326098450212676E-0012  0.227729674735403336275638134138535241      
   2973900.00000000000000000000000000000         1800000.00000000000000000000000000000         6.35829249831119431646664411186612534E-0012  0.227690109333290962680814387020890836      
   2996600.00000000000000000000000000000         1800000.00000000000000000000000000000         6.35247859983418217959038786670395917E-0012  0.227650580109009531056488647500976390      
   3019300.00000000000000000000000000000         1800000.00000000000000000000000000000         6.34667001747238650718635488697862051E-0012  0.227611087029478739376450098495820194      
   3042000.00000000000000000000000000000         1800000.00000000000000000000000000000         6.34086674636485537405874069300243531E-0012  0.227571630061648533596571221471409957      
   3064700.00000000000000000000000000000         1800000.00000000000000000000000000000         6.33506878165508161451316849774287478E-0012  0.227532209172499079996643751065871662      
   3087400.00000000000000000000000000000         1800000.00000000000000000000000000000         6.32927611849099875815541144248591957E-0012  0.227492824329040737547504714725736124      
   3110100.00000000000000000000000000000         1800000.00000000000000000000000000000         6.32348875202497696940634110322737790E-0012  0.227453475498314030303429432595496609      
   3132800.00000000000000000000000000000         1800000.00000000000000000000000000000         6.31770667741381899072970422303337074E-0012  0.227414162647389619819768374045489197      
   3155500.00000000000000000000000000000         1800000.00000000000000000000000000000         6.31192988981875608956933273277905101E-0012  0.227374885743368277595804788348622419      
   3178200.00000000000000000000000000000         1800000.00000000000000000000000000000         6.30615838440544400899239522691797383E-0012  0.227335644753380857542810048122659731      
   3200900.00000000000000000000000000000         1800000.00000000000000000000000000000         6.30039215634395892203530116233235061E-0012  0.227296439644588268477273665241637052      
   3223600.00000000000000000000000000000         1800000.00000000000000000000000000000         6.29463120080879338974887214695608727E-0012  0.227257270384181446639284959987594894      
   3246300.00000000000000000000000000000         1800000.00000000000000000000000000000         6.28887551297885232293939778059254534E-0012  0.227218136939381328236043385262137365      
   3269000.00000000000000000000000000000         1800000.00000000000000000000000000000         6.28312508803744894760219660326088435E-0012  0.227179039277438822010474528706417793      
   3291700.00000000000000000000000000000         1800000.00000000000000000000000000000         6.27737992117230077404430579651452965E-0012  0.227139977365634781834928836588009074      
   3314400.00000000000000000000000000000         1800000.00000000000000000000000000000         6.27164000757552556969292637049393173E-0012  0.227100951171279979329940124303764202      
   3337100.00000000000000000000000000000         1800000.00000000000000000000000000000         6.26590534244363733558625365383509767E-0012  0.227061960661715076508020959319226522      
   3359800.00000000000000000000000000000         1800000.00000000000000000000000000000         6.26017592097754228654332598524524542E-0012  0.227023005804310598442472023317427732      
   3382500.00000000000000000000000000000         1800000.00000000000000000000000000000         6.25445173838253483500952758439488168E-0012  0.226984086566466905961182581263030722      
   3405200.00000000000000000000000000000         1800000.00000000000000000000000000000         6.24873278986829357857438465567123116E-0012  0.226945202915614168365399206001754043      
   3427900.00000000000000000000000000000         1800000.00000000000000000000000000000         6.24301907064887729115829685163070099E-0012  0.226906354819212336173439927909870021      
   3450600.00000000000000000000000000000         1800000.00000000000000000000000000000         6.23731057594272091786484929329843111E-0012  0.226867542244751113889330999984318327      
   3473300.00000000000000000000000000000         1800000.00000000000000000000000000000         6.23160730097263157349535341205118929E-0012  0.226828765159749932796343489620638311      
   3496000.00000000000000000000000000000         1800000.00000000000000000000000000000         6.22590924096578454472226794256955882E-0012  0.226790023531757923775406929163513827      
   3518700.00000000000000000000000000000         1800000.00000000000000000000000000000         6.22021639115371929591815445831667621E-0012  0.226751317328353890148377278133261310      
   3541400.00000000000000000000000000000         1800000.00000000000000000000000000000         6.21452874677233547863682490015047466E-0012  0.226712646517146280546136470831092624      
   3564100.00000000000000000000000000000         1800000.00000000000000000000000000000         6.20884630306188894474334160503663432E-0012  0.226674011065773161801500843806466812      
   3586800.00000000000000000000000000000         1800000.00000000000000000000000000000         6.20316905526698776318953339541811049E-0012  0.226635410941902191866915758431325367      
   3609500.00000000000000000000000000000         1800000.00000000000000000000000000000         6.19749699863658824043169434052668112E-0012  0.226596846113230592756913754568503338      
   3632200.00000000000000000000000000000         1800000.00000000000000000000000000000         6.19183012842399094448713484900019820E-0012  0.226558316547485123515313592045138619      
   3654900.00000000000000000000000000000         1800000.00000000000000000000000000000         6.18616843988683673262625779718813451E-0012  0.226519822212422053207137557346483393      
   3677600.00000000000000000000000000000         1800000.00000000000000000000000000000         6.18051192828710278269683544018810846E-0012  0.226481363075827133935224433631171493      
   3700300.00000000000000000000000000000         1800000.00000000000000000000000000000         6.17486058889109862807716589208135121E-0012  0.226442939105515573881515552835729648      
   3723000.00000000000000000000000000000         1800000.00000000000000000000000000000         6.16921441696946219625479099876322944E-0012  0.226404550269332010372991369283959198      
   3745700.00000000000000000000000000000         1800000.00000000000000000000000000000         6.16357340779715585102746046088751610E-0012  0.226366196535150482972236014845771864      
   3768400.00000000000000000000000000000         1800000.00000000000000000000000000000         6.15793755665346243832303009565765435E-0012  0.226327877870874406592607316300158434      
   3791100.00000000000000000000000000000         1800000.00000000000000000000000000000         6.15230685882198133563498515478242331E-0012  0.226289594244436544637989776148219054      
   3813800.00000000000000000000000000000         1800000.00000000000000000000000000000         6.14668130959062450507028264166913256E-0012  0.226251345623798982167108038694604399      
   3836500.00000000000000000000000000000         1800000.00000000000000000000000000000         6.14106090425161255000620959391451323E-0012  0.226213131976953099082378383769328074      
   3859200.00000000000000000000000000000         1800000.00000000000000000000000000000         6.13544563810147077535295731735139636E-0012  0.226174953271919543343275810996726489      
   3881900.00000000000000000000000000000         1800000.00000000000000000000000000000         6.12983550644102525141861457544844334E-0012  0.226136809476748204204194298034382580      
   3904600.00000000000000000000000000000         1800000.00000000000000000000000000000         6.12423050457539888137328575252972081E-0012  0.226098700559518185476777836702109896      
   3927300.00000000000000000000000000000         1800000.00000000000000000000000000000         6.11863062781400747230904302116033179E-0012  0.226060626488337778816699871399631870      
   3950000.00000000000000000000000000000         1800000.00000000000000000000000000000         6.11303587147055580989242455343114378E-0012  0.226022587231344437034868784671403746      
   3972700.00000000000000000000000000000         1800000.00000000000000000000000000000         6.10744623086303373660619382210830022E-0012  0.225984582756704747433037095218129487      
   3995400.00000000000000000000000000000         1800000.00000000000000000000000000000         6.10186170131371223357707804145024628E-0012  0.225946613032614405163792054076939985      
   4018100.00000000000000000000000000000         1800000.00000000000000000000000000000         6.09628227814913950598620679839337397E-0012  0.225908678027298186614905345095938841      
   4040800.00000000000000000000000000000         1800000.00000000000000000000000000000         6.09070795670013707205897492304182371E-0012  0.225870777709009922818019616213905102      
   4063500.00000000000000000000000000000         1800000.00000000000000000000000000000         6.08513873230179585563105664283458588E-0012  0.225832912046032472881649588422386095      
   4086200.00000000000000000000000000000         1800000.00000000000000000000000000000         6.07957460029347228228730105749906626E-0012  0.225795081006677697448475509635234020      
   4108900.00000000000000000000000000000         1800000.00000000000000000000000000000         6.07401555601878437907024196188457246E-0012  0.225757284559286432176906741019855486      
   4131600.00000000000000000000000000000         1800000.00000000000000000000000000000         6.06846159482560787775495803106511057E-0012  0.225719522672228461246893283655069493      
   4154300.00000000000000000000000000000         1800000.00000000000000000000000000000         6.06291271206607232168702236656801136E-0012  0.225681795313902490889963073672524283      
   4177000.00000000000000000000000000000         1800000.00000000000000000000000000000         6.05736890309655717618028338440627817E-0012  0.225644102452736122943462894312123869      
   4199700.00000000000000000000000000000         1800000.00000000000000000000000000000         6.05183016327768794247122200469472946E-0012  0.225606444057185828428980773576877429      
   4222400.00000000000000000000000000000         1800000.00000000000000000000000000000         6.04629648797433227522663307888001489E-0012  0.225568820095736921154927756409026697      
   4245100.00000000000000000000000000000         1800000.00000000000000000000000000000         6.04076787255559610360138196437157140E-0012  0.225531230536903531343256960527244484      
   4267800.00000000000000000000000000000         1800000.00000000000000000000000000000         6.03524431239481975584299012716949406E-0012  0.225493675349228579280297845264148449      
   4290500.00000000000000000000000000000         1800000.00000000000000000000000000000         6.02972580286957408743980662124967724E-0012  0.225456154501283748991683642924355471      
   4313200.00000000000000000000000000000         1800000.00000000000000000000000000000         6.02421233936165661280952525908117449E-0012  0.225418667961669461941349922345830195      
   4335900.00000000000000000000000000000         1800000.00000000000000000000000000000         6.01870391725708764052481025026086423E-0012  0.225381215699014850754582274491372567      
   4358600.00000000000000000000000000000         1800000.00000000000000000000000000000         6.01320053194610641207279604535342018E-0012  0.225343797681977732965091130022762484      
   4381300.00000000000000000000000000000         1800000.00000000000000000000000000000         6.00770217882316724414523007944750835E-0012  0.225306413879244584786091738917348748      
   4404000.00000000000000000000000000000         1800000.00000000000000000000000000000         6.00220885328693567445603006444684004E-0012  0.225269064259530514905367362275754365      
   4426700.00000000000000000000000000000         1800000.00000000000000000000000000000         5.99672055074028461108303043119044937E-0012  0.225231748791579238304293746539885312      
   4449400.00000000000000000000000000000         1800000.00000000000000000000000000000         5.99123726659029048533069547160999127E-0012  0.225194467444163050100802970392593133      
   4472100.00000000000000000000000000000         1800000.00000000000000000000000000000         5.98575899624822940811057967778784663E-0012  0.225157220186082799416264774644169984      
   4494800.00000000000000000000000000000         1800000.00000000000000000000000000000         5.98028573512957332983631871857928134E-0012  0.225120006986167863266263505426363623      
   4517500.00000000000000000000000000000         1800000.00000000000000000000000000000         5.97481747865398620382993743558976715E-0012  0.225082827813276120475248821011808139      
   4540200.00000000000000000000000000000         1800000.00000000000000000000000000000         5.96935422224532015323626417886924048E-0012  0.225045682636293925615038332555688182      
   4562900.00000000000000000000000000000         1800000.00000000000000000000000000000         5.96389596133161164144224373833864585E-0012  0.225008571424136082967150369017108986      
   4585600.00000000000000000000000000000         1800000.00000000000000000000000000000         5.95844269134507764599794406014213790E-0012  0.224971494145745820508945076460047193      
   4608300.00000000000000000000000000000         1800000.00000000000000000000000000000         5.95299440772211183603605486755725914E-0012  0.224934450770094763923552081857924898      
   4631000.00000000000000000000000000000         1800000.00000000000000000000000000000         5.94755110590328075318667923376079485E-0012  0.224897441266182910633562971431798669      
   4653700.00000000000000000000000000000         1800000.00000000000000000000000000000         5.94211278133331999598422207883041834E-0012  0.224860465603038603858466853439903563      
   4676400.00000000000000000000000000000         1800000.00000000000000000000000000000         5.93667942946113040776318248579880314E-0012  0.224823523749718506695807295205854258      
   4699100.00000000000000000000000000000         1800000.00000000000000000000000000000         5.93125104573977426803965965020212918E-0012  0.224786615675307576226038944024200593      
   4721800.00000000000000000000000000000         1800000.00000000000000000000000000000         5.92582762562647148737538519470977939E-0012  0.224749741348919037641062161415276944      
   4744500.00000000000000000000000000000         1800000.00000000000000000000000000000         5.92040916458259580572109749468554943E-0012  0.224712900739694358396414020016392975      
   4767200.00000000000000000000000000000         1800000.00000000000000000000000000000         5.91499565807367099423607657235485397E-0012  0.224676093816803222387094032193402011      
   4789900.00000000000000000000000000000         1800000.00000000000000000000000000000         5.90958710156936706058066102620068985E-0012  0.224639320549443504147002999235570472      
   4812600.00000000000000000000000000000         1800000.00000000000000000000000000000         5.90418349054349645767857136867516856E-0012  0.224602580906841243071973389757473736      
   4835300.00000000000000000000000000000         1800000.00000000000000000000000000000         5.89878482047401029594586704902485707E-0012  0.224565874858250617666369675674375914      
   4858000.00000000000000000000000000000         1800000.00000000000000000000000000000         5.89339108684299455898336733902635156E-0012  0.224529202372953919813237073842232219      
   4880700.00000000000000000000000000000         1800000.00000000000000000000000000000         5.88800228513666632272936915803268622E-0012  0.224492563420261529067977161160096585      
   4903400.00000000000000000000000000000         1800000.00000000000000000000000000000         5.88261841084536997806949780929383759E-0012  0.224455957969511886975528850621342373      
   4926100.00000000000000000000000000000         1800000.00000000000000000000000000000         5.87723945946357345690052949278416799E-0012  0.224419385990071471411033235470726725      
   4948800.00000000000000000000000000000         1800000.00000000000000000000000000000         5.87186542648986446164502735017957868E-0012  0.224382847451334770943960828276964363      
   4971500.00000000000000000000000000000         1800000.00000000000000000000000000000         5.86649630742694669821363568553573306E-0012  0.224346342322724259225679741365143033      
   4994200.00000000000000000000000000000         1800000.00000000000000000000000000000         5.86113209778163611241187989031914642E-0012  0.224309870573690369400443374670024552      
   5016900.00000000000000000000000000000         1800000.00000000000000000000000000000         5.85577279306485712978832248404048233E-0012  0.224273432173711468539776196670051052      
   5039600.00000000000000000000000000000         1800000.00000000000000000000000000000         5.85041838879163889892092856173491449E-0012  0.224237027092293832100236223642730219      
   5062300.00000000000000000000000000000         1800000.00000000000000000000000000000         5.84506888048111153813849681670345418E-0012  0.224200655298971618404532822045023265      
   5085000.00000000000000000000000000000         1800000.00000000000000000000000000000         5.83972426365650238567401518165359889E-0012  0.224164316763306843145978478367421700      
   5107700.00000000000000000000000000000         1800000.00000000000000000000000000000         5.83438453384513225324680300340824709E-0012  0.224128011454889353916253200337589377      
   5130400.00000000000000000000000000000         1800000.00000000000000000000000000000         5.82904968657841168307030453575261104E-0012  0.224091739343336804756460232858781278      
   5153100.00000000000000000000000000000         1800000.00000000000000000000000000000         5.82371971739183720828240140172289353E-0012  0.224055500398294630731451791559747006      
   5175800.00000000000000000000000000000         1800000.00000000000000000000000000000         5.81839462182498761679511454087734430E-0012  0.224019294589436022527403536306500449      
   5198500.00000000000000000000000000000         1800000.00000000000000000000000000000         5.81307439542152021856056901856907229E-0012  0.223983121886461901072616526482204042      
   5221200.00000000000000000000000000000         1800000.00000000000000000000000000000         5.80775903372916711625009793316931359E-0012  0.223946982259100892181525419279493776      
   5243900.00000000000000000000000000000         1800000.00000000000000000000000000000         5.80244853229973147934336451354434307E-0012  0.223910875677109301221891691669874045      
   5266600.00000000000000000000000000000         1800000.00000000000000000000000000000         5.79714288668908382162438435273616852E-0012  0.223874802110271087805160686117357241      
   5289300.00000000000000000000000000000         1800000.00000000000000000000000000000         5.79184209245715828208133257489735153E-0012  0.223838761528397840499961299488327833      
   5312000.00000000000000000000000000000         1800000.00000000000000000000000000000         5.78654614516794890920702358099975467E-0012  0.223802753901328751568727153976689954      
   5334700.00000000000000000000000000000         1800000.00000000000000000000000000000         5.78125504038950594869695386479576443E-0012  0.223766779198930591727418108212727913      
   5357400.00000000000000000000000000000         1800000.00000000000000000000000000000         5.77596877369393213454180123364350804E-0012  0.223730837391097684928320986055787108      
   5380100.00000000000000000000000000000         1800000.00000000000000000000000000000         5.77068734065737898351127660957751465E-0012  0.223694928447751883165908419884884169      
   5402800.00000000000000000000000000000         1800000.00000000000000000000000000000         5.76541073686004309302622742410876279E-0012  0.223659052338842541305734724497696122      
   5425500.00000000000000000000000000000         1800000.00000000000000000000000000000         5.76013895788616244241589445559924730E-0012  0.223623209034346491936347737007075052      
   5448200.00000000000000000000000000000         1800000.00000000000000000000000000000         5.75487199932401269755722679105564445E-0012  0.223587398504268020244195577385303830      
   5470900.00000000000000000000000000000         1800000.00000000000000000000000000000         5.74960985676590351889316242446838460E-0012  0.223551620718638838911507303549765015      
   5493600.00000000000000000000000000000         1800000.00000000000000000000000000000         5.74435252580817487282678483148310276E-0012  0.223515875647518063037126454109555922      
   5516300.00000000000000000000000000000         1800000.00000000000000000000000000000         5.73910000205119334648826868532336414E-0012  0.223480163260992185080276491100864388      
   5539000.00000000000000000000000000000         1800000.00000000000000000000000000000         5.73385228109934846587153070151896662E-0012  0.223444483529175049827237174229637116      
   5561700.00000000000000000000000000000         1800000.00000000000000000000000000000         5.72860935856104901733750441881819432E-0012  0.223408836422207829380910917313242256      
   5584400.00000000000000000000000000000         1800000.00000000000000000000000000000         5.72337123004871937248096054112610074E-0012  0.223373221910258998173258196768466583      
   5607100.00000000000000000000000000000         1800000.00000000000000000000000000000         5.71813789117879581635779728013581524E-0012  0.223337639963524308000581101131310109      
   5629800.00000000000000000000000000000         1800000.00000000000000000000000000000         5.71290933757172287906972795046476245E-0012  0.223302090552226763081634129714664370      
   5652500.00000000000000000000000000000         1800000.00000000000000000000000000000         5.70768556485194967070329587884669771E-0012  0.223266573646616595138541367613100491      
   5675200.00000000000000000000000000000         1800000.00000000000000000000000000000         5.70246656864792621962014949602006504E-0012  0.223231089216971238500499183349665169      
   5697900.00000000000000000000000000000         1800000.00000000000000000000000000000         5.69725234459209981409551328441018257E-0012  0.223195637233595305230243614527803462      
   5720600.00000000000000000000000000000         1800000.00000000000000000000000000000         5.69204288832091134730179305671933489E-0012  0.223160217666820560273261625902312340      
   5743300.00000000000000000000000000000         1800000.00000000000000000000000000000         5.68683819547479166563425683997541016E-0012  0.223124830487005896629725443316594256      
   5766000.00000000000000000000000000000         1800000.00000000000000000000000000000         5.68163826169815792037573543630461366E-0012  0.223089475664537310549129185969441639      
   5788700.00000000000000000000000000000         1800000.00000000000000000000000000000         5.67644308263940992269728952608566954E-0012  0.223054153169827876747607038473157199      
   5811400.00000000000000000000000000000         1800000.00000000000000000000000000000         5.67125265395092650199179297085322570E-0012  0.223018862973317723647912223146016570      
   5834100.00000000000000000000000000000         1800000.00000000000000000000000000000         5.66606697128906186753738476245574506E-0012  0.222983605045474008642036051945925805      
   5856800.00000000000000000000000000000         1800000.00000000000000000000000000000         5.66088603031414197348774485157012719E-0012  0.222948379356790893376446356398631886      
   5879500.00000000000000000000000000000         1800000.00000000000000000000000000000         5.65570982669046088718615187288437539E-0012  0.222913185877789519059924612803025971      
   5902200.00000000000000000000000000000         1800000.00000000000000000000000000000         5.65053835608627716080028356562099785E-0012  0.222878024579017981793981098907951448      
   5924900.00000000000000000000000000000         1800000.00000000000000000000000000000         5.64537161417381020627472346715020298E-0012  0.222842895431051307925827437149509941      
   5947600.00000000000000000000000000000         1800000.00000000000000000000000000000         5.64020959662923667359814023393255843E-0012  0.222807798404491429423885898415160989      
   5970300.00000000000000000000000000000         1800000.00000000000000000000000000000         5.63505229913268683238210871779447479E-0012  0.222772733469967159275814859160954024      
   5993000.00000000000000000000000000000         1800000.00000000000000000000000000000         5.62989971736824095674854469705907056E-0012  0.222737700598134166909029823551028302      
   6015700.00000000000000000000000000000         1800000.00000000000000000000000000000         5.62475184702392571352272793079597779E-0012  0.222702699759674953633699441114083799      
   6038400.00000000000000000000000000000         1800000.00000000000000000000000000000         5.61960868379171055372889097080174631E-0012  0.222667730925298828108195969219880382      
   6061100.00000000000000000000000000000         1800000.00000000000000000000000000000         5.61447022336750410738535392967148749E-0012  0.222632794065741881826979648469978241      
   6083800.00000000000000000000000000000         1800000.00000000000000000000000000000         5.60933646145115058159618816459679537E-0012  0.222597889151766964630896477870906223      
   6106500.00000000000000000000000000000         1800000.00000000000000000000000000000         5.60420739374642616193639459522870694E-0012  0.222563016154163660239868895414751801      
   6129200.00000000000000000000000000000         1800000.00000000000000000000000000000         5.59908301596103541712758513014715013E-0012  0.222528175043748261807958888431822796      
   6151900.00000000000000000000000000000         1800000.00000000000000000000000000000         5.59396332380660770700115843015544013E-0012  0.222493365791363747500783076802551740      
   6174600.00000000000000000000000000000         1800000.00000000000000000000000000000         5.58884831299869359374596398779324187E-0012  0.222458588367879756095259330821215703      
   6197300.00000000000000000000000000000         1800000.00000000000000000000000000000         5.58373797925676125643745125113196269E-0012  0.222423842744192562601664504192341573      
   6220000.00000000000000000000000000000         1800000.00000000000000000000000000000         5.57863231830419290884530326593383305E-0012  0.222389128891225053907982881311876847      
   6242700.00000000000000000000000000000         1800000.00000000000000000000000000000         5.57353132586828122051655705404993912E-0012  0.222354446779926704446524956639342455      
   6265400.00000000000000000000000000000         1800000.00000000000000000000000000000         5.56843499768022574113121568692670411E-0012  0.222319796381273551882796182604264247      
   6288100.00000000000000000000000000000         1800000.00000000000000000000000000000         5.56334332947512932812735975171682479E-0012  0.222285177666268172826595341110218154      
   6310800.00000000000000000000000000000         1800000.00000000000000000000000000000         5.55825631699199457759276864362605466E-0012  0.222250590605939658565322212302836976      
   6333500.00000000000000000000000000000         1800000.00000000000000000000000000000         5.55317395597372025842006485168681111E-0012  0.222216035171343590819474232854129071      
   6356200.00000000000000000000000000000         1800000.00000000000000000000000000000         5.54809624216709774972239713630425090E-0012  0.222181511333562017520311854584467161      
   6378900.00000000000000000000000000000         1800000.00000000000000000000000000000         5.54302317132280748150668122546473581E-0012  0.222147019063703428609672332795633972      
   6401600.00000000000000000000000000000         1800000.00000000000000000000000000000         5.53795473919541537860141938266114866E-0012  0.222112558332902731861911692223376729      
   6424300.00000000000000000000000000000         1800000.00000000000000000000000000000         5.53289094154336930783612292312788486E-0012  0.222078129112321228727954637036039411      
   6447000.00000000000000000000000000000         1800000.00000000000000000000000000000         5.52783177412899552846936447624886978E-0012  0.222043731373146590201432189807025889      
   6469700.00000000000000000000000000000         1800000.00000000000000000000000000000         5.52277723271849514586248951044731188E-0012  0.222009365086592832706886862873114543      
   6492400.00000000000000000000000000000         1800000.00000000000000000000000000000         5.51772731308194056839601935318048911E-0012  0.221975030223900294010025183958010327      
   6515100.00000000000000000000000000000         1800000.00000000000000000000000000000         5.51268201099327196762578065225323817E-0012  0.221940726756335609149997416390999909      
   6537800.00000000000000000000000000000         1800000.00000000000000000000000000000         5.50764132223029374167579893585476567E-0012  0.221906454655191686393684332684183836      
   6560500.00000000000000000000000000000         1800000.00000000000000000000000000000         5.50260524257467098186499663746330288E-0012  0.221872213891787683211970918648513272      
   6583200.00000000000000000000000000000         1800000.00000000000000000000000000000         5.49757376781192594256473865798363784E-0012  0.221838004437468982277986903628771911      
   6605900.00000000000000000000000000000         1800000.00000000000000000000000000000         5.49003537206461418277610545884028417E-0012  0.221803826263607167487294030820732889      
   6628600.00000000000000000000000000000         1800000.00000000000000000000000000000         5.48501539094596212433947369232084418E-0012  0.221769679341599999999999999999999989      
