   182018.181819999999999999999999999999         8000.00000000000000000000000000000000         8.46664254217620748838922928283839622E-0005   2561.20745216358815740545091795233466      
   227472.727274999999999999999999999992         8000.00000000000000000000000000000000         5.60679920329935783219830109597124928E-0005   1696.16573925066192382873608084363589      
   272927.272730000000000000000000000011         8000.00000000000000000000000000000000         3.71294726918259266297813987575789740E-0005   1123.31585659407507536657344787341232      
   318381.818185000000000000000000000030         8000.00000000000000000000000000000000         2.45879635133322113982068681479963823E-0005   743.961909655914997614167483375131540      
   363836.363640000000000000000000000048         8000.00000000000000000000000000000000         1.62826968955595230883489203553564104E-0005   492.745279584906557726560119227341710      
   409290.909095000000000000000000000067         8000.00000000000000000000000000000000         1.07827644224746647274995505596617235E-0005   326.384033752075751691472432647124905      
   454745.454550000000000000000000000085         8000.00000000000000000000000000000000         7.14058668145404096117432092160384739E-0006   216.215912687683243822160644211032519      
   500200.000005000000000000000000000104         8000.00000000000000000000000000000000         4.72865548737055654769582999165320444E-0006   143.260129998639164480312102172291617      
   545654.545460000000000000000000000123         8000.00000000000000000000000000000000         3.13142094840958661235406508979511846E-0006   94.9471863235806405112491143848969124      
   591109.090915000000000000000000000141         8000.00000000000000000000000000000000         2.07369667389134813906437753231648908E-0006   62.9532793224307488972998718491298714      
   636563.636370000000000000000000000160         8000.00000000000000000000000000000000         1.37324810881528797574752099327956873E-0006   41.7662017540923692582388572194001301      
   682018.181825000000000000000000000179         8000.00000000000000000000000000000000         9.09395473363030776367482011401968705E-0007   27.7356472528664411781037199878199135      
   727472.727280000000000000000000000197         8000.00000000000000000000000000000000         6.02221930373987829840101501682070348E-0007   18.4443016684215997611206128828628375      
   772927.272735000000000000000000000216         8000.00000000000000000000000000000000         3.98804770912460700034841186164002506E-0007   12.2913657483166890958292492212241021      
   818381.818190000000000000000000000235         8000.00000000000000000000000000000000         2.64097398784150964110110888178226424E-0007   8.21675458539767267208629369462412362      
   863836.363645000000000000000000000253         8000.00000000000000000000000000000000         1.74891177668144582952814447759947685E-0007   5.51845635109700094683641775120048891      
   909290.909100000000000000000000000272         8000.00000000000000000000000000000000         1.15816831846759179850708286097758678E-0007   3.73158318207190786309011948767162619      
   954745.454555000000000000000000000291         8000.00000000000000000000000000000000         7.66964847390566224390690528565346996E-0008   2.54827598437465292706815093479487951      
   1000200.00001000000000000000000000031         8000.00000000000000000000000000000000         5.07901198602243325482301095278969116E-0008   1.76466361143489945849699036896660892      
   1045654.54546500000000000000000000033         8000.00000000000000000000000000000000         3.36343482259012861117879207400300084E-0008   1.24573805075274984635862241692775207      
   1091109.09092000000000000000000000025         8000.00000000000000000000000000000000         2.22734142721944807143601106957501884E-0008  0.902093990464300697395017534821465362      
   1136563.63637500000000000000000000016         8000.00000000000000000000000000000000         1.47499508540722692469365547317615699E-0008  0.674525242422104933944473610750733380      
   1182018.18183000000000000000000000008         8000.00000000000000000000000000000000         9.76774586683571503784557000143346977E-0009  0.523824150594640270551336214710216049      
   1227472.72728500000000000000000000000         8000.00000000000000000000000000051749         6.46841879427313828890580264365448774E-0009  0.424026532189766416518684954713722427      
   1272927.27273999999999999999999999992         8000.00000000000000000000000004754149         4.28353094649669388641002965426385367E-0009  0.357938327263637763831335217214357518      
   1318381.81819499999999999999999999983         8000.00000000000000000000000447750035         2.83664956663597013437950738165503668E-0009  0.314173246491483075815282898023644290      
   1363836.36364999999999999999999999975         8000.00000000000000000000042179584020         1.87849250172383403308424006331060969E-0009  0.285191035563917726562164706562531136      
   1409290.90910499999999999999999999967         8000.00000000000000000003973453610792         1.24397955973724769920597914688216369E-0009  0.265998370191657883801266822630935874      
   1454745.45455999999999999999999999959         8000.00000000000000000374312192451904         8.23790961967640392825915540959021833E-0010  0.253288559852751279275463931853284925      
   1500200.00001499999999999999999999950         8000.00000000000000035261420228976981         5.45532716922543579962525453512654293E-0010  0.244871840459286610381377615772330852      
   1545654.54546999999999999999999999942         8000.00000000000003321739931606230363         3.61263911565689676388988638714997465E-0010  0.239298101476615169132192247820480822      
   1591109.09092499999999999999999999934         8000.00000000000312918654483433245699         2.39237005868289458264157034822643716E-0010  0.235607047421626293866420483280265420      
   1636563.63637999999999999999999999926         8000.00000000029477950212789227092060         1.58428071956522680286450042517078063E-0010  0.233162749244189929582137531946515178      
   1682018.18183499999999999999999999918         8000.00000002776918334198167111196753         1.04914596689435502688382879940772145E-0010  0.231544080568193869050280692775359105      
   1727472.72728999999999999999999999909         8000.00000261594696345246902963393451         6.94767818765648176135802019839083364E-0011  0.230472162130894665502518387668683585      
   1772927.27274499999999999999999999901         8000.00024643067210152489156312576516         4.60090718528000725375732463312070456E-0011  0.229762313875187523264856035810960555      
   1818381.81819999999999999999999999893         8000.02321456674418582656523760279534         3.04682303225795390945998900802956306E-0011  0.229292236555249595885174510564336937      
   1863836.36365499999999999999999999885         8002.18688469556830332877863809268583         2.01766493445769513388456748960823994E-0011  0.228980940883647831056350625955224184      
   1909290.90910999999999999999999999876         8205.98818816569964727767501784627823         1.33558668296328776408147434508997879E-0011  0.228774793712288187832477420360494618      
   1954745.45456499999999999999999999868         27199.0631108396339016377586904037952         8.75262821567028050655844729383347129E-0012  0.228638263088115914490214508235601045      
   2000200.00001999999999999999999999860         912959.702241189922428074768404763748         6.61595486682327289965158856439462552E-0012  0.228546909197188447109919987238414864      
   2045654.54547499999999999999999999852         1781545.99060076356012008718792391888         6.41707810500348976317534547689315260E-0012  0.228465984834368617490495497957003474      
   2091109.09092999999999999999999999843         1799802.08783298100982605153870802346         6.46720043880226912036544300082763461E-0012  0.228385352209688559738819682332289956      
   2136563.63638499999999999999999999855         1799997.89886418771723345623185071181         6.45625348295465192728834185046124014E-0012  0.228304868679456018606385389471667112      
   2182018.18183999999999999999999999847         1799999.97769568951557717056910457086         6.44444722312954387735012261432373329E-0012  0.228224532459841951601502273682787632      
   2227472.72729499999999999999999999839         1799999.99976323201370744110228226917         6.43265321810426022375281642578756880E-0012  0.228144343265239714989749120440970530      
   2272927.27274999999999999999999999831         1799999.99999748662579418563232033642         6.42088069841384614618529475434668440E-0012  0.228064300826406395973612425657562036      
   2318381.81820499999999999999999999822         1799999.99999997331966201786072986468         6.40912972278513948526439662532949497E-0012  0.227984404874759678731153447473687084      
   2363836.36365999999999999999999999814         1799999.99999999971677896860982544510         6.39740025282884840890298887296113274E-0012  0.227904655142210563563919667054228241      
   2409290.90911499999999999999999999806         1799999.99999999999699351062661158301         6.38569224919804178064615391055595214E-0012  0.227825051361160704385517711227498233      
   2454745.45456999999999999999999999798         1799999.99999999999996808507366868145         6.37400567260690652370192620839397976E-0012  0.227745593264501492121653173867595724      
   2500200.00002499999999999999999999790         1799999.99999999999999966121199970004         6.36234048384141186795336430085217933E-0012  0.227666280585613158235563237692974971      
   2545654.54547999999999999999999999781         1799999.99999999999999999640364799993         6.35069664375929216248412011845211833E-0012  0.227587113058363880089576935526210263      
   2591109.09093499999999999999999999773         1799999.99999999999999999996182347751         6.33907411328991674674214796283308162E-0012  0.227508090417108887946041412107479201      
   2636563.63638999999999999999999999765         1799999.99999999999999999999959474289         6.32747285343415886280383584462464594E-0012  0.227429212396689573602564687023437503      
   2682018.18184499999999999999999999757         1799999.99999999999999999999999569810         6.31589282526426479486043661145871469E-0012  0.227350478732432600658562211260085023      
   2727472.72729999999999999999999999748         1799999.99999999999999999999999995436         6.30433398992372324806041171366677982E-0012  0.227271889160149016410121507265262940      
   2772927.27275499999999999999999999740         1799999.99999999999999999999999999939         6.29279630862713496640261083679828918E-0012  0.227193443416133365370204874251397776      
   2818381.81820999999999999999999999732         1800000.00000000000000000000000000000         6.28127974266008258924420490030009170E-0012  0.227115141237162804411215596669163707      
   2863836.36366499999999999999999999724         1800000.00000000000000000000000000000         6.26978425337900074598669396247459561E-0012  0.227036982360496219526958537610795139      
   2909290.90911999999999999999999999715         1800000.00000000000000000000000000000         6.25830980221104638850409597416574462E-0012  0.226958966523873344211031432741701966      
   2954745.45457499999999999999999999707         1800000.00000000000000000000000000000         6.24685635065396936087821990515712313E-0012  0.226881093465513879448688624254119480      
   3000200.00002999999999999999999999699         1800000.00000000000000000000000000000         6.23542386027598320600672304388625932E-0012  0.226803362924116615319224388305227159      
   3045654.54548499999999999999999999691         1800000.00000000000000000000000000000         6.22401229271563620865044709212160033E-0012  0.226725774638858554205928413462666744      
   3091109.09093999999999999999999999682         1800000.00000000000000000000000000000         6.21262160968168267448732104263742908E-0012  0.226648328349394035610671381850812465      
   3136563.63639499999999999999999999674         1800000.00000000000000000000000000000         6.20125177295295444474091074244352684E-0012  0.226571023795853862570183988989594529      
   3182018.18184999999999999999999999666         1800000.00000000000000000000000000000         6.18990274437823264595248550924698040E-0012  0.226493860718844429671098112762218870      
   3227472.72730499999999999999999999658         1800000.00000000000000000000000000000         6.17857448587611967446626118734566423E-0012  0.226416838859446852660824206556795227      
   3272927.27275999999999999999999999650         1800000.00000000000000000000000000000         6.16726695943491141519826660373755371E-0012  0.226339957959216099651344346417681847      
   3318381.81821499999999999999999999641         1800000.00000000000000000000000000000         6.15598012711246969426006651831460342E-0012  0.226263217760180123913005707033247918      
   3363836.36366999999999999999999999633         1800000.00000000000000000000000000000         6.14471395103609496500935885653735110E-0012  0.226186618004838998255404576595677606      
   3409290.90912499999999999999999999625         1800000.00000000000000000000000000000         6.13346839340239922710024727130573297E-0012  0.226110158436164050992456346013296030      
   3454745.45457999999999999999999999617         1800000.00000000000000000000000000000         6.12224341647717917810677190569686408E-0012  0.226033838797597003488752223654555066      
   3500200.00003499999999999999999999608         1800000.00000000000000000000000000000         6.11103898259528959729406162225610763E-0012  0.225957658833049109284308732773114954      
   3545654.54548999999999999999999999600         1800000.00000000000000000000000000000         6.09985505416051696111224993049475957E-0012  0.225881618286900294794821345023197427      
   3591109.09094499999999999999999999592         1800000.00000000000000000000000000000         6.08869159364545328998907438439830864E-0012  0.225805716903998301584538890041341126      
   3636563.63639999999999999999999999584         1800000.00000000000000000000000000000         6.07754856359137022599785533912065088E-0012  0.225729954429657830208880657962598396      
   3682018.18185499999999999999999999575         1800000.00000000000000000000000000000         6.06642592660809334097832465285964390E-0012  0.225654330609659685623923378973780778      
   3727472.72730999999999999999999999567         1800000.00000000000000000000000000000         6.05532364537387667468854819906347027E-0012  0.225578845190249924159890521601262873      
   3772927.27276499999999999999999999559         1800000.00000000000000000000000000000         6.04424168263527750256695791797759189E-0012  0.225503497918139002055781599403732181      
   3818381.81821999999999999999999999551         1800000.00000000000000000000000000000         6.03318000120703133268427958788361769E-0012  0.225428288540500925552284414108736137      
   3863836.36367499999999999999999999543         1800000.00000000000000000000000000000         6.02213856397192713146591153763869354E-0012  0.225353216804972402540118392013503039      
   3909290.90912999999999999999999999534         1800000.00000000000000000000000000000         6.01111733388068277776607715601608315E-0012  0.225278282459651995760962389682846906      
   3954745.45458499999999999999999999526         1800000.00000000000000000000000000000         6.00011627395182074487584028228082783E-0012  0.225203485253099277558125554637520089      
   4000200.00003999999999999999999999518         1800000.00000000000000000000000000000         5.98913534727154401004783738917177822E-0012  0.225128824934333986174125026852632333      
   4045654.54549499999999999999999999510         1800000.00000000000000000000000000000         5.97817451699361219112134389644605625E-0012  0.225054301252835183592339457495160584      
   4091109.09094999999999999999999999501         1800000.00000000000000000000000000000         5.96723374633921790983205398290999820E-0012  0.224979913958540414919912502439545712      
   4136563.63640499999999999999999999493         1800000.00000000000000000000000000000         5.95631299859686338139171390010395792E-0012  0.224905662801844869309085619728297942      
   4182018.18185999999999999999999999485         1800000.00000000000000000000000000000         5.94541223712223722992350803395750692E-0012  0.224831547533600542414144662307762306      
   4227472.72731499999999999999999999517         1800000.00000000000000000000000000000         5.93453142533809152933985481437753361E-0012  0.224757567905115400381169910085053451      
   4272927.27276999999999999999999999549         1800000.00000000000000000000000000000         5.92367052673411906925002603939575208E-0012  0.224683723668152545367784328637943136      
   4318381.81822499999999999999999999581         1800000.00000000000000000000000000000         5.91282950486683084548575826282387721E-0012  0.224610014574929382590099975782433593      
   4363836.36367999999999999999999999614         1800000.00000000000000000000000000000         5.90200832335943377483377859466760441E-0012  0.224536440378116788894067601680100323      
   4409290.90913499999999999999999999646         1800000.00000000000000000000000000000         5.89120694590170863356491958461143143E-0012  0.224463000830838282848439603266236636      
   4454745.45458999999999999999999999678         1800000.00000000000000000000000000000         5.88042533624988821935024880303424187E-0012  0.224389695686669196356561599517539541      
   4500200.00004499999999999999999999710         1800000.00000000000000000000000000000         5.86966345822653573615538830389939761E-0012  0.224316524699635847784212990471677928      
   4545654.54549999999999999999999999742         1800000.00000000000000000000000000000         5.85892127572042340170494735187032869E-0012  0.224243487624214716600721949977677485      
   4591109.09095499999999999999999999774         1800000.00000000000000000000000000000         5.84819875268641127710973862482536014E-0012  0.224170584215331619530585379912714099      
   4636563.63640999999999999999999999806         1800000.00000000000000000000000000000         5.83749585314532631825019356488362020E-0012  0.224097814228360888212829422064665169      
   4682018.18186499999999999999999999839         1800000.00000000000000000000000000000         5.82681254118384164851013664875229071E-0012  0.224025177419124548365351183067634735      
   4727472.72731999999999999999999999871         1800000.00000000000000000000000000000         5.81614878095435605245582108412949867E-0012  0.223952673543891500451487377706618961      
   4772927.27277499999999999999999999903         1800000.00000000000000000000000000000         5.80550453667487369005586981548671873E-0012  0.223880302359376701846060636594458103      
   4818381.81822999999999999999999999935         1800000.00000000000000000000000000000         5.79487977262888403103850574238865802E-0012  0.223808063622740350498159255686143983      
   4863836.36368499999999999999999999967         1800000.00000000000000000000000000000         5.78427445316524200898319371893888489E-0012  0.223735957091587070087911187349300890      
   4909290.90913999999999999999999999999         1800000.00000000000000000000000000000         5.77368854269804839474455421664144820E-0012  0.223663982523965096674518085772084647      
   4954745.45459500000000000000000000032         1800000.00000000000000000000000000000         5.76312200570653038880714449716097462E-0012  0.223592139678365466832820223377671039      
   5000200.00005000000000000000000000064         1800000.00000000000000000000000000000         5.75257480673492243217043775887074625E-0012  0.223520428313721207275668089644720508      
   5045654.54550500000000000000000000096         1800000.00000000000000000000000000000         5.74204691039234723536406399400021878E-0012  0.223448848189406525959381469322471769      
   5091109.09096000000000000000000000128         1800000.00000000000000000000000000000         5.73153828135269702519410822410238671E-0012  0.223377399065236004669581773494160347      
   5136563.63641500000000000000000000160         1800000.00000000000000000000000000000         5.72104888435451500882199237302947260E-0012  0.223306080701463793084688364299979371      
   5182018.18187000000000000000000000192         1800000.00000000000000000000000000000         5.71057868420087705477819629093682263E-0012  0.223234892858782804314374572397464857      
   5227472.72732500000000000000000000225         1800000.00000000000000000000000000000         5.70012764575927359051380136258220371E-0012  0.223163835298323911910284055429635627      
   5272927.27278000000000000000000000257         1800000.00000000000000000000000000000         5.68969573396149171609356672073039691E-0012  0.223092907781655148346313085906054151      
   5318381.81823500000000000000000000289         1800000.00000000000000000000000000000         5.67928291380349753363497334329849338E-0012  0.223022110070780904965769287995776770      
   5363836.36369000000000000000000000321         1800000.00000000000000000000000000000         5.66888915034531869209839524337017920E-0012  0.222951441928141133392722264800475124      
   5409290.90914500000000000000000000353         1800000.00000000000000000000000000000         5.65851440871092714703427956684232940E-0012  0.222880903116610548404866470737352019      
   5454745.45460000000000000000000000385         1800000.00000000000000000000000000000         5.64815865408812213489393869563150027E-0012  0.222810493399497832265221587731328731      
   5500200.00005500000000000000000000417         1800000.00000000000000000000000000000         5.63782185172841336151127741750925964E-0012  0.222740212540544840510000559010804310      
   5545654.54551000000000000000000000450         1800000.00000000000000000000000000000         5.62750396694690440436349686916201642E-0012  0.222670060303925809189980320437503969      
   5591109.09096500000000000000000000482         1800000.00000000000000000000000000000         5.61720496512217632821953428936402377E-0012  0.222600036454246563562715146494940202      
   5636563.63642000000000000000000000514         1800000.00000000000000000000000000000         5.60692481169617151378571363668134236E-0012  0.222530140756543728232937396328171355      
   5682018.18187500000000000000000000546         1800000.00000000000000000000000000000         5.59666347217407769895879683323485052E-0012  0.222460372976283938738495304586193509      
   5727472.72733000000000000000000000578         1800000.00000000000000000000000000000         5.58642091212421223229733879518095851E-0012  0.222390732879363054579182312283747751      
   5772927.27278500000000000000000000610         1800000.00000000000000000000000000000         5.57619709717790653832296150402317080E-0012  0.222321220232105373685817274487843197      
   5818381.81824000000000000000000000643         1800000.00000000000000000000000000000         5.56599199302939079426387316326465918E-0012  0.222251834801262848326939714362130287      
   5863836.36369500000000000000000000675         1800000.00000000000000000000000000000         5.55580556543567881785366797427267015E-0012  0.222182576354014302450489116985626837      
   5909290.90915000000000000000000000707         1800000.00000000000000000000000000000         5.54563778021645316579915025630370499E-0012  0.222113444657964650457842071417386402      
   5954745.45460500000000000000000000739         1800000.00000000000000000000000000000         5.53548860325395044253163353054991480E-0012  0.222044439481144117407585875721662152      
   6000200.00006000000000000000000000771         1800000.00000000000000000000000000000         5.52535800049284681885687078932460753E-0012  0.221975560592007460646412017115086437      
   6045654.54551500000000000000000000803         1800000.00000000000000000000000000000         5.51524593794014376011947648139960031E-0012  0.221906807759433192864517728064454305      
   6091109.09097000000000000000000000835         1800000.00000000000000000000000000000         5.50011330177618355307413404994994918E-0012  0.221838180752722806572908599066937345      
   6136563.63642500000000000000000000868         1800000.00000000000000000000000000000         5.49004744002576774371603523130116184E-0012  0.221769679341599999999999999999999989      
