   136563.636365000000000000000000000005         8000.00000000000000000000000000000000         1.27617992062369399994752803743357411E-0004   19103.7605237586217447524131627244840      
   182018.181819999999999999999999999999         8000.00000000000000000000000000000000         8.45114757895568385679597238388989906E-0005   2556.52047528033876218377384383715797      
   227472.727274999999999999999999999992         8000.00000000000000000000000000000000         5.59653809365557518044914103069736098E-0005   1693.06189162544298946029311819045309      
   272927.272730000000000000000000000011         8000.00000000000000000000000000000000         3.70615213391035991025260927062345747E-0005   1121.26039241228466107169874861153523      
   318381.818185000000000000000000000030         8000.00000000000000000000000000000000         2.45429646146059717181519927596264922E-0005   742.600708332877139524265335837810000      
   363836.363640000000000000000000000048         8000.00000000000000000000000000000000         1.62528976229115036615351982642473414E-0005   491.843834584867265910802455770121378      
   409290.909095000000000000000000000067         8000.00000000000000000000000000000000         1.07630306806390408332265715401680110E-0005   325.787049625713268437304436538449142      
   454745.454550000000000000000000000085         8000.00000000000000000000000000000000         7.12751855823389467754679779579475528E-0006   215.820549330765479329150742091037136      
   500200.000005000000000000000000000104         8000.00000000000000000000000000000000         4.72000148520921088666639495408358681E-0006   142.998284404383515435977939435541495      
   545654.545460000000000000000000000123         8000.00000000000000000000000000000000         3.12569007549486542413177584232786041E-0006   94.7737591645655378078541884728103253      
   591109.090915000000000000000000000141         8000.00000000000000000000000000000000         2.06990156224793043119848947235445375E-0006   62.8384048198900564575131650008360767      
   636563.636370000000000000000000000160         8000.00000000000000000000000000000000         1.37073490138592634118565606916303568E-0006   41.6901021243582713299575531915510982      
   682018.181825000000000000000000000179         8000.00000000000000000000000000000000         9.07731171446128427317364155147805623E-0007   27.6852252072369118467750998072519298      
   727472.727280000000000000000000000197         8000.00000000000000000000000000000000         6.01119792588525210770437141634564577E-0007   18.4108838907038160754045039016937853      
   772927.272735000000000000000000000216         8000.00000000000000000000000000000000         3.98074910731559569895340516476778701E-0007   12.2692085754142539636634090827130662      
   818381.818190000000000000000000000235         8000.00000000000000000000000000000000         2.63614069121842514269846606765314568E-0007   8.20205443572408607385984696908476795      
   863836.363645000000000000000000000253         8000.00000000000000000000000000000000         1.74571106004310595003106071366479731E-0007   5.50869440823800678354208511155286292      
   909290.909100000000000000000000000272         8000.00000000000000000000000000000000         1.15604873264494309877088636823575152E-0007   3.72509142971592124861490417393702359      
   954745.454555000000000000000000000291         8000.00000000000000000000000000000000         7.65561210465710679649567100101693078E-0008   2.54394982498135055877816194956236859      
   1000200.00001000000000000000000000031         8000.00000000000000000000000000000000         5.06971678978284003197577012910654908E-0008   1.76177155591894441705773489064598814      
   1045654.54546500000000000000000000033         8000.00000000000000000000000000000000         3.35727933668044866215747272393381565E-0008   1.24379569075504834602968171923023748      
   1091109.09092000000000000000000000025         8000.00000000000000000000000000000000         2.22326512739665632205425627476286582E-0008  0.900780539983990052619967769804384674      
   1136563.63637500000000000000000000016         8000.00000000000000000000000000000000         1.47229566890476010346654954831403835E-0008  0.673628269827034982259581104786860156      
   1182018.18183000000000000000000000008         8000.00000000000000000000000000000000         9.74986972972468271839440576778180144E-0009  0.523202978928158845216564834775984505      
   1227472.72728500000000000000000000000         8000.00000000000000000000000000051749         6.45658081826164079620356859444790338E-0009  0.423588002038971551253187069484185410      
   1272927.27273999999999999999999999992         8000.00000000000000000000000004754149         4.27569157520644440420504487808017873E-0009  0.357620746391088627059458838848773524      
   1318381.81819499999999999999999999983         8000.00000000000000000000000447750035         2.83145816042204474068793631995276356E-0009  0.313935760923953569512813877729346762      
   1363836.36364999999999999999999999975         8000.00000000000000000000042179584020         1.87505463694104154662156713559329206E-0009  0.285006590890713806748987275788996437      
   1409290.90910499999999999999999999967         8000.00000000000000000003973453610792         1.24170292913318095276776181396378569E-0009  0.265849050379644872937442358236809009      
   1454745.45455999999999999999999999959         8000.00000000000000000374312192451904         8.22283326491889288058138389750707523E-0010  0.253162500505882527263501873266819259      
   1500200.00001499999999999999999999950         8000.00000000000000035261420228976981         5.44534327142628005634910243975697828E-0010  0.244761184710336341129398831826471230      
   1545654.54546999999999999999999999942         8000.00000000000003321739931606230363         3.60602755624036557910224812917146448E-0010  0.239197646333171400235103262019552108      
   1591109.09092499999999999999999999934         8000.00000000000312918654483433245699         2.38799173682927759068784637548095765E-0010  0.235513347346267909946800490577642985      
   1636563.63637999999999999999999999926         8000.00000000029477950212789227092060         1.58138129734935300517367348968836063E-0010  0.233073522525320933303339575407814409      
   1682018.18183499999999999999999999918         8000.00000002776918334198167111196753         1.04722590494665760093904093402721046E-0010  0.231457816205592523341146545886038658      
   1727472.72728999999999999999999999909         8000.00000261594696345246902963393451         6.93496310993240191384303482317572942E-0011  0.230387859506571346017453000672651293      
   1772927.27274499999999999999999999901         8000.00024643067210152489156312576516         4.59248697771108909090396684117232694E-0011  0.229679310357630497930808859482703148      
   1818381.81819999999999999999999999893         8000.02321456674418582656523760279534         3.04124698359532232948979586501922718E-0011  0.229210093335118256875079209578188974      
   1863836.36365499999999999999999999885         8002.18688469556830332877863809268583         2.01397236756414509413945250830278082E-0011  0.228899367371633747430665027849923573      
   1909290.90910999999999999999999999876         8205.98818816569964727767501784627823         1.33314240042422381607969638852147321E-0011  0.228693597474125258389112830793313150      
   1954745.45456499999999999999999999868         27199.0631108396339016377586904037952         8.73660986464044369933554726520577518E-0012  0.228557316717239750261703296902785090      
   2000200.00001999999999999999999999860         912959.702241189922428074768404763748         6.60384688224504108403279604837082695E-0012  0.228466130014802043900383539366777201      
   2045654.54547499999999999999999999852         1781545.99060076356012008718792391888         6.40533408856191466625855708106611098E-0012  0.228385353753194624185183635401128360      
   2091109.09092999999999999999999999843         1799802.08783298100982605153870802346         6.45536469252624428990582070638315670E-0012  0.228304868695811469302854995614508692      
   2136563.63638499999999999999999999855         1799997.89886418771723345623185071181         6.44443777091030636716417139013011387E-0012  0.228224532460015252699997221949944826      
   2182018.18183999999999999999999999847         1799999.97769568951557717056910457086         6.43265311794539711498764389227366608E-0012  0.228144343265241551274178622729801723      
   2227472.72729499999999999999999999839         1799999.99976323201370744110228226917         6.42088069735257049398553383013102632E-0012  0.228064300826406415430733712614568099      
   2272927.27274999999999999999999999831         1799999.99999748662579418563232033642         6.40912972277389429424605365797365783E-0012  0.227984404874759678937319530830355653      
   2318381.81820499999999999999999999822         1799999.99999997331966201786072986468         6.39740025282872925576852644074192045E-0012  0.227904655142210563566104186197617839      
   2363836.36365999999999999999999999814         1799999.99999999971677896860982544510         6.38569224919804051810917891321108252E-0012  0.227825051361160704385540858215645602      
   2409290.90911499999999999999999999806         1799999.99999999999699351062661158301         6.37400567260690651032418654232364886E-0012  0.227745593264501492121653419131209919      
   2454745.45456999999999999999999999798         1799999.99999999999996808507366868145         6.36234048384141186781161485341812766E-0012  0.227666280585613158235563240291768432      
   2500200.00002499999999999999999999790         1799999.99999999999999966121199970004         6.35069664375929216248261815277442174E-0012  0.227587113058363880089576935553746896      
   2545654.54547999999999999999999999781         1799999.99999999999999999640364799993         6.33907411328991674674213204812649630E-0012  0.227508090417108887946041412107771004      
   2591109.09093499999999999999999999773         1799999.99999999999999999996182347751         6.32747285343415886280383567599411794E-0012  0.227429212396689573602564687023440608      
   2636563.63638999999999999999999999765         1799999.99999999999999999999959474289         6.31589282526426479486043660967249916E-0012  0.227350478732432600658562211260085071      
   2682018.18184499999999999999999999757         1799999.99999999999999999999999569810         6.30433398992372324806041171364857835E-0012  0.227271889160149016410121507265262940      
   2727472.72729999999999999999999999748         1799999.99999999999999999999999995436         6.29279630862713496640261083679796688E-0012  0.227193443416133365370204874251397776      
   2772927.27275499999999999999999999740         1799999.99999999999999999999999999939         6.28127974266008258924420490030009170E-0012  0.227115141237162804411215596669163707      
   2818381.81820999999999999999999999732         1800000.00000000000000000000000000000         6.26978425337900074598669396247459561E-0012  0.227036982360496219526958537610795139      
   2863836.36366499999999999999999999724         1800000.00000000000000000000000000000         6.25830980221104638850409597416574462E-0012  0.226958966523873344211031432741701966      
   2909290.90911999999999999999999999715         1800000.00000000000000000000000000000         6.24685635065396936087821990515712313E-0012  0.226881093465513879448688624254119480      
   2954745.45457499999999999999999999707         1800000.00000000000000000000000000000         6.23542386027598320600672304388625932E-0012  0.226803362924116615319224388305227159      
   3000200.00002999999999999999999999699         1800000.00000000000000000000000000000         6.22401229271563620865044709212160033E-0012  0.226725774638858554205928413462666744      
   3045654.54548499999999999999999999691         1800000.00000000000000000000000000000         6.21262160968168267448732104263742908E-0012  0.226648328349394035610671381850812465      
   3091109.09093999999999999999999999682         1800000.00000000000000000000000000000         6.20125177295295444474091074244352684E-0012  0.226571023795853862570183988989594529      
   3136563.63639499999999999999999999674         1800000.00000000000000000000000000000         6.18990274437823264595248550924698040E-0012  0.226493860718844429671098112762218870      
   3182018.18184999999999999999999999666         1800000.00000000000000000000000000000         6.17857448587611967446626118734566423E-0012  0.226416838859446852660824206556795227      
   3227472.72730499999999999999999999658         1800000.00000000000000000000000000000         6.16726695943491141519826660373755371E-0012  0.226339957959216099651344346417681847      
   3272927.27275999999999999999999999650         1800000.00000000000000000000000000000         6.15598012711246969426006651831460342E-0012  0.226263217760180123913005707033247918      
   3318381.81821499999999999999999999641         1800000.00000000000000000000000000000         6.14471395103609496500935885653735110E-0012  0.226186618004838998255404576595677606      
   3363836.36366999999999999999999999633         1800000.00000000000000000000000000000         6.13346839340239922710024727130573297E-0012  0.226110158436164050992456346013296030      
   3409290.90912499999999999999999999625         1800000.00000000000000000000000000000         6.12224341647717917810677190569686408E-0012  0.226033838797597003488752223654555066      
   3454745.45457999999999999999999999617         1800000.00000000000000000000000000000         6.11103898259528959729406162225610763E-0012  0.225957658833049109284308732773114954      
   3500200.00003499999999999999999999608         1800000.00000000000000000000000000000         6.09985505416051696111224993049475957E-0012  0.225881618286900294794821345023197427      
   3545654.54548999999999999999999999600         1800000.00000000000000000000000000000         6.08869159364545328998907438439830864E-0012  0.225805716903998301584538890041341126      
   3591109.09094499999999999999999999592         1800000.00000000000000000000000000000         6.07754856359137022599785533912065088E-0012  0.225729954429657830208880657962598396      
   3636563.63639999999999999999999999584         1800000.00000000000000000000000000000         6.06642592660809334097832465285964390E-0012  0.225654330609659685623923378973780778      
   3682018.18185499999999999999999999575         1800000.00000000000000000000000000000         6.05532364537387667468854819906347027E-0012  0.225578845190249924159890521601262873      
   3727472.72730999999999999999999999567         1800000.00000000000000000000000000000         6.04424168263527750256695791797759189E-0012  0.225503497918139002055781599403732181      
   3772927.27276499999999999999999999559         1800000.00000000000000000000000000000         6.03318000120703133268427958788361769E-0012  0.225428288540500925552284414108736137      
   3818381.81821999999999999999999999551         1800000.00000000000000000000000000000         6.02213856397192713146591153763869354E-0012  0.225353216804972402540118392013503039      
   3863836.36367499999999999999999999543         1800000.00000000000000000000000000000         6.01111733388068277776607715601608315E-0012  0.225278282459651995760962389682846906      
   3909290.90912999999999999999999999534         1800000.00000000000000000000000000000         6.00011627395182074487584028228082783E-0012  0.225203485253099277558125554637520089      
   3954745.45458499999999999999999999526         1800000.00000000000000000000000000000         5.98913534727154401004783738917177822E-0012  0.225128824934333986174125026852632333      
   4000200.00003999999999999999999999518         1800000.00000000000000000000000000000         5.97817451699361219112134389644605625E-0012  0.225054301252835183592339457495160584      
   4045654.54549499999999999999999999510         1800000.00000000000000000000000000000         5.96723374633921790983205398290999820E-0012  0.224979913958540414919912502439545712      
   4091109.09094999999999999999999999501         1800000.00000000000000000000000000000         5.95631299859686338139171390010395792E-0012  0.224905662801844869309085619728297942      
   4136563.63640499999999999999999999493         1800000.00000000000000000000000000000         5.94541223712223722992350803395756017E-0012  0.224831547533600542414144662307762306      
   4182018.18185999999999999999999999485         1800000.00000000000000000000000000000         5.93453142533809152933985481437753361E-0012  0.224757567905115400381169910085053451      
   4227472.72731499999999999999999999517         1800000.00000000000000000000000000000         5.92367052673411906925002603939575208E-0012  0.224683723668152545367784328637943136      
   4272927.27276999999999999999999999549         1800000.00000000000000000000000000000         5.91282950486683084548575826282387721E-0012  0.224610014574929382590099975782433593      
   4318381.81822499999999999999999999581         1800000.00000000000000000000000000000         5.90200832335943377483377859466760441E-0012  0.224536440378116788894067601680100323      
   4363836.36367999999999999999999999614         1800000.00000000000000000000000000000         5.89120694590170863356491958461143143E-0012  0.224463000830838282848439603266236636      
   4409290.90913499999999999999999999646         1800000.00000000000000000000000000000         5.88042533624988821935024880303424187E-0012  0.224389695686669196356561599517539541      
   4454745.45458999999999999999999999678         1800000.00000000000000000000000000000         5.86966345822653573615538830389939761E-0012  0.224316524699635847784212990471677928      
   4500200.00004499999999999999999999710         1800000.00000000000000000000000000000         5.85892127572042340170494735187032869E-0012  0.224243487624214716600721949977677485      
   4545654.54549999999999999999999999742         1800000.00000000000000000000000000000         5.84819875268641127710973862482536014E-0012  0.224170584215331619530585379912714099      
   4591109.09095499999999999999999999774         1800000.00000000000000000000000000000         5.83749585314532631825019356488362020E-0012  0.224097814228360888212829422064665169      
   4636563.63640999999999999999999999806         1800000.00000000000000000000000000000         5.82681254118384164851013664875229071E-0012  0.224025177419124548365351183067634735      
   4682018.18186499999999999999999999839         1800000.00000000000000000000000000000         5.81614878095435605245582108412949867E-0012  0.223952673543891500451487377706618961      
   4727472.72731999999999999999999999871         1800000.00000000000000000000000000000         5.80550453667487369005586981548671873E-0012  0.223880302359376701846060636594458103      
   4772927.27277499999999999999999999903         1800000.00000000000000000000000000000         5.79487977262888403103850574238865802E-0012  0.223808063622740350498159255686143983      
   4818381.81822999999999999999999999935         1800000.00000000000000000000000000000         5.78427445316524200898319371893888489E-0012  0.223735957091587070087911187349300890      
   4863836.36368499999999999999999999967         1800000.00000000000000000000000000000         5.77368854269804839474455421664144820E-0012  0.223663982523965096674518085772084647      
   4909290.90913999999999999999999999999         1800000.00000000000000000000000000000         5.76312200570653038880714449716097462E-0012  0.223592139678365466832820223377671039      
   4954745.45459500000000000000000000032         1800000.00000000000000000000000000000         5.75257480673492243217043775887074625E-0012  0.223520428313721207275668089644720508      
   5000200.00005000000000000000000000064         1800000.00000000000000000000000000000         5.74204691039234723536406399400021878E-0012  0.223448848189406525959381469322471769      
   5045654.54550500000000000000000000096         1800000.00000000000000000000000000000         5.73153828135269702519410822410238671E-0012  0.223377399065236004669581773494160347      
   5091109.09096000000000000000000000128         1800000.00000000000000000000000000000         5.72104888435451500882199237302947260E-0012  0.223306080701463793084688364299979371      
   5136563.63641500000000000000000000160         1800000.00000000000000000000000000000         5.71057868420087705477819629093682263E-0012  0.223234892858782804314374572397464857      
   5182018.18187000000000000000000000192         1800000.00000000000000000000000000000         5.70012764575927359051380136258220371E-0012  0.223163835298323911910284055429635627      
   5227472.72732500000000000000000000225         1800000.00000000000000000000000000000         5.68969573396149171609356672073039691E-0012  0.223092907781655148346313085906054151      
   5272927.27278000000000000000000000257         1800000.00000000000000000000000000000         5.67928291380349753363497334329849338E-0012  0.223022110070780904965769287995776770      
   5318381.81823500000000000000000000289         1800000.00000000000000000000000000000         5.66888915034531869209839524337017920E-0012  0.222951441928141133392722264800475124      
   5363836.36369000000000000000000000321         1800000.00000000000000000000000000000         5.65851440871092714703427956684232940E-0012  0.222880903116610548404866470737352019      
   5409290.90914500000000000000000000353         1800000.00000000000000000000000000000         5.64815865408812213489393869563150027E-0012  0.222810493399497832265221587731328731      
   5454745.45460000000000000000000000385         1800000.00000000000000000000000000000         5.63782185172841336151127741750925964E-0012  0.222740212540544840510000559010804310      
   5500200.00005500000000000000000000417         1800000.00000000000000000000000000000         5.62750396694690440436349686916201642E-0012  0.222670060303925809189980320437503969      
   5545654.54551000000000000000000000450         1800000.00000000000000000000000000000         5.61720496512217632821953428936402377E-0012  0.222600036454246563562715146494940202      
   5591109.09096500000000000000000000482         1800000.00000000000000000000000000000         5.60692481169617151378571363668134236E-0012  0.222530140756543728232937396328171355      
   5636563.63642000000000000000000000514         1800000.00000000000000000000000000000         5.59666347217407769895879683323485052E-0012  0.222460372976283938738495304586193509      
   5682018.18187500000000000000000000546         1800000.00000000000000000000000000000         5.58642091212421223229733879518095851E-0012  0.222390732879363054579182312283747751      
   5727472.72733000000000000000000000578         1800000.00000000000000000000000000000         5.57619709717790653832296150402317080E-0012  0.222321220232105373685817274487843197      
   5772927.27278500000000000000000000610         1800000.00000000000000000000000000000         5.56599199302939079426387316326465918E-0012  0.222251834801262848326939714362130287      
   5818381.81824000000000000000000000643         1800000.00000000000000000000000000000         5.55580556543567881785366797427267015E-0012  0.222182576354014302450489116985626837      
   5863836.36369500000000000000000000675         1800000.00000000000000000000000000000         5.54563778021645316579915025630370499E-0012  0.222113444657964650457842071417386402      
   5909290.90915000000000000000000000707         1800000.00000000000000000000000000000         5.53548860325395044253163353054991480E-0012  0.222044439481144117407585875721662152      
   5954745.45460500000000000000000000739         1800000.00000000000000000000000000000         5.52535800049284681885687078932460753E-0012  0.221975560592007460646412017115086437      
   6000200.00006000000000000000000000771         1800000.00000000000000000000000000000         5.51524593794014376011947648139960031E-0012  0.221906807759433192864517728064454305      
   6045654.54551500000000000000000000803         1800000.00000000000000000000000000000         5.50011330177618355307413404994994918E-0012  0.221838180752722806572908599066937345      
   6091109.09097000000000000000000000835         1800000.00000000000000000000000000000         5.49004744002576774371603523130116184E-0012  0.221769679341599999999999999999999989      
