   45654.5454549999999999999999999999997         8000.00000000000000000000000000000000         2.37854414456847125046365872817224067E-0004   1198887.10011399542431990502850232013      
   91109.0909099999999999999999999999994         8000.00000000000000000000000000000000         1.57512489140129194838055275858572645E-0004   150243.501052457558160152770002483679      
   136563.636365000000000000000000000005         8000.00000000000000000000000000000000         1.27151307278695559095291888585168386E-0004   19033.8995248212054459363271984934194      
   182018.181819999999999999999999999999         8000.00000000000000000000000000000000         8.42024267349569889509110522851738663E-0005   2547.17223899165252799183054338981439      
   227472.727274999999999999999999999992         8000.00000000000000000000000000000000         5.57607217715468230391633332167167049E-0005   1686.87122721053588686627079093475938      
   272927.272730000000000000000000000011         8000.00000000000000000000000000000000         3.69259914832482422368175418960732638E-0005   1117.16074239630537884590515391094817      
   318381.818185000000000000000000000030         8000.00000000000000000000000000000000         2.44532137264531130612782547788293123E-0005   739.885774608815687440962242705339539      
   363836.363640000000000000000000000048         8000.00000000000000000000000000000000         1.61934625864511696789658844486780614E-0005   490.045890820361254163238519328796947      
   409290.909095000000000000000000000067         8000.00000000000000000000000000000000         1.07236714761593610919900748344001202E-0005   324.596357029430953623514081106895938      
   454745.454550000000000000000000000085         8000.00000000000000000000000000000000         7.10145401668512119661391203067176341E-0006   215.031991978676915319153612318757666      
   500200.000005000000000000000000000104         8000.00000000000000000000000000000000         4.70274096546221047877502665614513262E-0006   142.476029964639776170077797907399967      
   545654.545460000000000000000000000123         8000.00000000000000000000000000000000         3.11425977500870128109385006284691524E-0006   94.4278564426761210146186874507124884      
   591109.090915000000000000000000000141         8000.00000000000000000000000000000000         2.06233216276755213287773330277522096E-0006   62.6092861320779708761749151601400997      
   636563.636370000000000000000000000160         8000.00000000000000000000000000000000         1.36572227651548612718280260274760520E-0006   41.5383204241373217696971460117253478      
   682018.181825000000000000000000000179         8000.00000000000000000000000000000000         9.04411699649602235570985149393126174E-0007   27.5846577821257865022411124706822941      
   727472.727280000000000000000000000197         8000.00000000000000000000000000000000         5.98921564456012846617867970985718286E-0007   18.3442316988687975971884541939544908      
   772927.272735000000000000000000000216         8000.00000000000000000000000000000000         3.96619195118122012472753394419963656E-0007   12.2250158061856505525543848320720581      
   818381.818190000000000000000000000235         8000.00000000000000000000000000000000         2.62650061830759424203326890284443152E-0007   8.17273479620999693215166994819973537      
   863836.363645000000000000000000000253         8000.00000000000000000000000000000000         1.73932718912296884128465709819906390E-0007   5.48922408637474555221488453295993760      
   909290.909100000000000000000000000272         8000.00000000000000000000000000000000         1.15182119118317841296153626887002757E-0007   3.71214354529850854054218748846911482      
   954745.454555000000000000000000000291         8000.00000000000000000000000000000000         7.62761638382483838554522100813573576E-0008   2.53532124386424627477996040140874686      
   1000200.00001000000000000000000000031         8000.00000000000000000000000000000000         5.05117740011612945382073977347382534E-0008   1.75600331361765045168879579698487959      
   1045654.54546500000000000000000000033         8000.00000000000000000000000000000000         3.34500214005910039752311927780963467E-0008   1.23992162850372840428449980148016346      
   1091109.09092000000000000000000000025         8000.00000000000000000000000000000000         2.21513489443920918456603302205384575E-0008  0.898160845936145738886871194323888141      
   1136563.63637500000000000000000000016         8000.00000000000000000000000000000000         1.46691164761871014996790317755037011E-0008  0.671839246332347562101454219442914182      
   1182018.18183000000000000000000000008         8000.00000000000000000000000000000000         9.71421554200293136144642731364094344E-0009  0.521964043968855275216375583642140660      
   1227472.72728500000000000000000000000         8000.00000000000000000000000000051749         6.43296982130307322381427780824476961E-0009  0.422713347955655162224248023988253011      
   1272927.27273999999999999999999999992         8000.00000000000000000000000004754149         4.26005584731584969419883392508456884E-0009  0.356987327214653890935444784796404200      
   1318381.81819499999999999999999999983         8000.00000000000000000000000447750035         2.82110383327958115858891580946823075E-0009  0.313462092874010160927907396000103285      
   1363836.36364999999999999999999999975         8000.00000000000000000000042179584020         1.86819777096567183821598794874781223E-0009  0.284638713593630920790446518083456316      
   1409290.90910499999999999999999999967         8000.00000000000000000003973453610792         1.23716215981449046520899185909318108E-0009  0.265551230074563253040561336194939411      
   1454745.45455999999999999999999999959         8000.00000000000000000374312192451904         8.19276327947711215228039611317336580E-0010  0.252911073500740234507745382060699475      
   1500200.00001499999999999999999999950         8000.00000000000000035261420228976981         5.42543025755114075867854976372980093E-0010  0.244540480381372058912746747781432414      
   1545654.54546999999999999999999999942         8000.00000000000003321739931606230363         3.59284071508411631930069540511913387E-0010  0.238997287244420107828507764719404593      
   1591109.09092499999999999999999999934         8000.00000000000312918654483433245699         2.37925911700736060925131079196484153E-0010  0.235326461328577416703948366243166301      
   1636563.63637999999999999999999999926         8000.00000000029477950212789227092060         1.57559836206936002052786602089089656E-0010  0.232895558675268128930870385375526436      
   1682018.18183499999999999999999999918         8000.00000002776918334198167111196753         1.04339631644577581275222506941673366E-0010  0.231285760813603644654309130761373324      
   1727472.72728999999999999999999999909         8000.00000261594696345246902963393451         6.90960272221243874637815779619010202E-0011  0.230219716827065665166123262838534557      
   1772927.27274499999999999999999999901         8000.00024643067210152489156312576516         4.57569276431623653757367489589396676E-0011  0.229513758763448696327853445660710846      
   1818381.81819999999999999999999999893         8000.02321456674418582656523760279534         3.03012548209148842816789757386627069E-0011  0.229046257615329308835405689942887410      
   1863836.36365499999999999999999999885         8002.18688469556830332877863809268583         2.00660749491967954295279261702076035E-0011  0.228736667942086536969310802557584748      
   1909290.90910999999999999999999999876         8205.98818816569964727767501784627823         1.32826724714298159524355911537281968E-0011  0.228531650522175865060358124996430497      
   1954745.45456499999999999999999999868         27199.0631108396339016377586904037952         8.70466105539472353609183966593261425E-0012  0.228395868128840184123682808447299491      
   2000200.00001999999999999999999999860         912959.702241189922428074768404763748         6.57969734969206451142946603177746265E-0012  0.228305014886017484666857593245240526      
   2045654.54547499999999999999999999852         1781545.99060076356012008718792391888         6.38191049518631696411703992906966367E-0012  0.228224534014202405650496155244949166      
   2091109.09092999999999999999999999843         1799802.08783298100982605153870802346         6.43175814280404654174755134994308044E-0012  0.228144343281710175845884806622792496      
   2136563.63638499999999999999999999855         1799997.89886418771723345623185071181         6.42087117972348553369384080512922965E-0012  0.228064300826580915710223176985377118      
   2182018.18183999999999999999999999847         1799999.97769568951557717056910457086         6.40912962192196760131363961016659638E-0012  0.227984404874761527928173828345432549      
   2227472.72729499999999999999999999839         1799999.99976323201370744110228226917         6.39740025176010995944976144179832615E-0012  0.227904655142210583157861722515688254      
   2272927.27274999999999999999999999831         1799999.99999748662579418563232033642         6.38569224918671751443192116466652184E-0012  0.227825051361160704593133536380416054      
   2318381.81820499999999999999999999822         1799999.99999997331966201786072986468         6.37400567260678653269308418879259313E-0012  0.227745593264501492123853054357795167      
   2363836.36365999999999999999999999814         1799999.99999999971677896860982544510         6.36234048384141059653834014933467261E-0012  0.227666280585613158235586547448710586      
   2409290.90911499999999999999999999806         1799999.99999999999699351062661158301         6.35069664375929214901230936165094770E-0012  0.227587113058363880089577182514496626      
   2454745.45456999999999999999999999798         1799999.99999999999996808507366868145         6.33907411328991674659940174572865775E-0012  0.227508090417108887946041414724547114      
   2500200.00002499999999999999999999790         1799999.99999999999999966121199970004         6.32747285343415886280232331725460328E-0012  0.227429212396689573602564687051167740      
   2545654.54547999999999999999999999781         1799999.99999999999999999640364799993         6.31589282526426479486042058484105828E-0012  0.227350478732432600658562211260378848      
   2591109.09093499999999999999999999773         1799999.99999999999999999996182347751         6.30433398992372324806041154385038198E-0012  0.227271889160149016410121507265266045      
   2636563.63638999999999999999999999765         1799999.99999999999999999999959474289         6.29279630862713496640261083499854341E-0012  0.227193443416133365370204874251397800      
   2682018.18184499999999999999999999757         1799999.99999999999999999999999569810         6.28127974266008258924420490028060104E-0012  0.227115141237162804411215596669163707      
   2727472.72729999999999999999999999748         1799999.99999999999999999999999995436         6.26978425337900074598669396247443446E-0012  0.227036982360496219526958537610795139      
   2772927.27275499999999999999999999740         1799999.99999999999999999999999999939         6.25830980221104638850409597416574462E-0012  0.226958966523873344211031432741701966      
   2818381.81820999999999999999999999732         1800000.00000000000000000000000000000         6.24685635065396936087821990515712313E-0012  0.226881093465513879448688624254119480      
   2863836.36366499999999999999999999724         1800000.00000000000000000000000000000         6.23542386027598320600672304388625932E-0012  0.226803362924116615319224388305227159      
   2909290.90911999999999999999999999715         1800000.00000000000000000000000000000         6.22401229271563620865044709212160033E-0012  0.226725774638858554205928413462666744      
   2954745.45457499999999999999999999707         1800000.00000000000000000000000000000         6.21262160968168267448732104263742908E-0012  0.226648328349394035610671381850812465      
   3000200.00002999999999999999999999699         1800000.00000000000000000000000000000         6.20125177295295444474091074244352684E-0012  0.226571023795853862570183988989594529      
   3045654.54548499999999999999999999691         1800000.00000000000000000000000000000         6.18990274437823264595248550924698040E-0012  0.226493860718844429671098112762218870      
   3091109.09093999999999999999999999682         1800000.00000000000000000000000000000         6.17857448587611967446626118734566423E-0012  0.226416838859446852660824206556795227      
   3136563.63639499999999999999999999674         1800000.00000000000000000000000000000         6.16726695943491141519826660373755371E-0012  0.226339957959216099651344346417681847      
   3182018.18184999999999999999999999666         1800000.00000000000000000000000000000         6.15598012711246969426006651831460342E-0012  0.226263217760180123913005707033247918      
   3227472.72730499999999999999999999658         1800000.00000000000000000000000000000         6.14471395103609496500935885653735110E-0012  0.226186618004838998255404576595677606      
   3272927.27275999999999999999999999650         1800000.00000000000000000000000000000         6.13346839340239922710024727130573297E-0012  0.226110158436164050992456346013296030      
   3318381.81821499999999999999999999641         1800000.00000000000000000000000000000         6.12224341647717917810677190569686408E-0012  0.226033838797597003488752223654555066      
   3363836.36366999999999999999999999633         1800000.00000000000000000000000000000         6.11103898259528959729406162225610763E-0012  0.225957658833049109284308732773114954      
   3409290.90912499999999999999999999625         1800000.00000000000000000000000000000         6.09985505416051696111224993049475957E-0012  0.225881618286900294794821345023197427      
   3454745.45457999999999999999999999617         1800000.00000000000000000000000000000         6.08869159364545328998907438439830864E-0012  0.225805716903998301584538890041341126      
   3500200.00003499999999999999999999608         1800000.00000000000000000000000000000         6.07754856359137022599785533912065088E-0012  0.225729954429657830208880657962598396      
   3545654.54548999999999999999999999600         1800000.00000000000000000000000000000         6.06642592660809334097832465285964390E-0012  0.225654330609659685623923378973780778      
   3591109.09094499999999999999999999592         1800000.00000000000000000000000000000         6.05532364537387667468854819906347027E-0012  0.225578845190249924159890521601262873      
   3636563.63639999999999999999999999584         1800000.00000000000000000000000000000         6.04424168263527750256695791797759189E-0012  0.225503497918139002055781599403732181      
   3682018.18185499999999999999999999575         1800000.00000000000000000000000000000         6.03318000120703133268427958788361769E-0012  0.225428288540500925552284414108736137      
   3727472.72730999999999999999999999567         1800000.00000000000000000000000000000         6.02213856397192713146591153763869354E-0012  0.225353216804972402540118392013503039      
   3772927.27276499999999999999999999559         1800000.00000000000000000000000000000         6.01111733388068277776607715601608315E-0012  0.225278282459651995760962389682846906      
   3818381.81821999999999999999999999551         1800000.00000000000000000000000000000         6.00011627395182074487584028228082783E-0012  0.225203485253099277558125554637520089      
   3863836.36367499999999999999999999543         1800000.00000000000000000000000000000         5.98913534727154401004783738917177822E-0012  0.225128824934333986174125026852632333      
   3909290.90912999999999999999999999534         1800000.00000000000000000000000000000         5.97817451699361219112134389644605625E-0012  0.225054301252835183592339457495160584      
   3954745.45458499999999999999999999526         1800000.00000000000000000000000000000         5.96723374633921790983205398290999820E-0012  0.224979913958540414919912502439545712      
   4000200.00003999999999999999999999518         1800000.00000000000000000000000000000         5.95631299859686338139171390010395792E-0012  0.224905662801844869309085619728297942      
   4045654.54549499999999999999999999510         1800000.00000000000000000000000000000         5.94541223712223722992350803395756017E-0012  0.224831547533600542414144662307762306      
   4091109.09094999999999999999999999501         1800000.00000000000000000000000000000         5.93453142533809152933985481437758686E-0012  0.224757567905115400381169910085053451      
   4136563.63640499999999999999999999493         1800000.00000000000000000000000000000         5.92367052673411906925002603939580533E-0012  0.224683723668152545367784328637943136      
   4182018.18185999999999999999999999485         1800000.00000000000000000000000000000         5.91282950486683084548575826282387721E-0012  0.224610014574929382590099975782433593      
   4227472.72731499999999999999999999517         1800000.00000000000000000000000000000         5.90200832335943377483377859466760441E-0012  0.224536440378116788894067601680100323      
   4272927.27276999999999999999999999549         1800000.00000000000000000000000000000         5.89120694590170863356491958461143143E-0012  0.224463000830838282848439603266236636      
   4318381.81822499999999999999999999581         1800000.00000000000000000000000000000         5.88042533624988821935024880303424187E-0012  0.224389695686669196356561599517539541      
   4363836.36367999999999999999999999614         1800000.00000000000000000000000000000         5.86966345822653573615538830389939761E-0012  0.224316524699635847784212990471677928      
   4409290.90913499999999999999999999646         1800000.00000000000000000000000000000         5.85892127572042340170494735187032869E-0012  0.224243487624214716600721949977677485      
   4454745.45458999999999999999999999678         1800000.00000000000000000000000000000         5.84819875268641127710973862482536014E-0012  0.224170584215331619530585379912714099      
   4500200.00004499999999999999999999710         1800000.00000000000000000000000000000         5.83749585314532631825019356488362020E-0012  0.224097814228360888212829422064665169      
   4545654.54549999999999999999999999742         1800000.00000000000000000000000000000         5.82681254118384164851013664875229071E-0012  0.224025177419124548365351183067634735      
   4591109.09095499999999999999999999774         1800000.00000000000000000000000000000         5.81614878095435605245582108412949867E-0012  0.223952673543891500451487377706618961      
   4636563.63640999999999999999999999806         1800000.00000000000000000000000000000         5.80550453667487369005586981548671873E-0012  0.223880302359376701846060636594458103      
   4682018.18186499999999999999999999839         1800000.00000000000000000000000000000         5.79487977262888403103850574238865802E-0012  0.223808063622740350498159255686143983      
   4727472.72731999999999999999999999871         1800000.00000000000000000000000000000         5.78427445316524200898319371893888489E-0012  0.223735957091587070087911187349300890      
   4772927.27277499999999999999999999903         1800000.00000000000000000000000000000         5.77368854269804839474455421664144820E-0012  0.223663982523965096674518085772084647      
   4818381.81822999999999999999999999935         1800000.00000000000000000000000000000         5.76312200570653038880714449716097462E-0012  0.223592139678365466832820223377671039      
   4863836.36368499999999999999999999967         1800000.00000000000000000000000000000         5.75257480673492243217043775887074625E-0012  0.223520428313721207275668089644720508      
   4909290.90913999999999999999999999999         1800000.00000000000000000000000000000         5.74204691039234723536406399400021878E-0012  0.223448848189406525959381469322471769      
   4954745.45459500000000000000000000032         1800000.00000000000000000000000000000         5.73153828135269702519410822410238671E-0012  0.223377399065236004669581773494160347      
   5000200.00005000000000000000000000064         1800000.00000000000000000000000000000         5.72104888435451500882199237302947260E-0012  0.223306080701463793084688364299979371      
   5045654.54550500000000000000000000096         1800000.00000000000000000000000000000         5.71057868420087705477819629093682263E-0012  0.223234892858782804314374572397464857      
   5091109.09096000000000000000000000128         1800000.00000000000000000000000000000         5.70012764575927359051380136258220371E-0012  0.223163835298323911910284055429635627      
   5136563.63641500000000000000000000160         1800000.00000000000000000000000000000         5.68969573396149171609356672073039691E-0012  0.223092907781655148346313085906054151      
   5182018.18187000000000000000000000192         1800000.00000000000000000000000000000         5.67928291380349753363497334329849338E-0012  0.223022110070780904965769287995776770      
   5227472.72732500000000000000000000225         1800000.00000000000000000000000000000         5.66888915034531869209839524337017920E-0012  0.222951441928141133392722264800475124      
   5272927.27278000000000000000000000257         1800000.00000000000000000000000000000         5.65851440871092714703427956684232940E-0012  0.222880903116610548404866470737352019      
   5318381.81823500000000000000000000289         1800000.00000000000000000000000000000         5.64815865408812213489393869563150027E-0012  0.222810493399497832265221587731328731      
   5363836.36369000000000000000000000321         1800000.00000000000000000000000000000         5.63782185172841336151127741750925964E-0012  0.222740212540544840510000559010804310      
   5409290.90914500000000000000000000353         1800000.00000000000000000000000000000         5.62750396694690440436349686916201642E-0012  0.222670060303925809189980320437503969      
   5454745.45460000000000000000000000385         1800000.00000000000000000000000000000         5.61720496512217632821953428936402377E-0012  0.222600036454246563562715146494940202      
   5500200.00005500000000000000000000417         1800000.00000000000000000000000000000         5.60692481169617151378571363668134236E-0012  0.222530140756543728232937396328171355      
   5545654.54551000000000000000000000450         1800000.00000000000000000000000000000         5.59666347217407769895879683323485052E-0012  0.222460372976283938738495304586193509      
   5591109.09096500000000000000000000482         1800000.00000000000000000000000000000         5.58642091212421223229733879518095851E-0012  0.222390732879363054579182312283747751      
   5636563.63642000000000000000000000514         1800000.00000000000000000000000000000         5.57619709717790653832296150402317080E-0012  0.222321220232105373685817274487843197      
   5682018.18187500000000000000000000546         1800000.00000000000000000000000000000         5.56599199302939079426387316326465918E-0012  0.222251834801262848326939714362130287      
   5727472.72733000000000000000000000578         1800000.00000000000000000000000000000         5.55580556543567881785366797427267015E-0012  0.222182576354014302450489116985626837      
   5772927.27278500000000000000000000610         1800000.00000000000000000000000000000         5.54563778021645316579915025630370499E-0012  0.222113444657964650457842071417386402      
   5818381.81824000000000000000000000643         1800000.00000000000000000000000000000         5.53548860325395044253163353054991480E-0012  0.222044439481144117407585875721662152      
   5863836.36369500000000000000000000675         1800000.00000000000000000000000000000         5.52535800049284681885687078932460753E-0012  0.221975560592007460646412017115086437      
   5909290.90915000000000000000000000707         1800000.00000000000000000000000000000         5.51524593794014376011947648139960031E-0012  0.221906807759433192864517728064454305      
   5954745.45460500000000000000000000739         1800000.00000000000000000000000000000         5.50011330177618355307413404994994918E-0012  0.221838180752722806572908599066937345      
   6000200.00006000000000000000000000771         1800000.00000000000000000000000000000         5.49004744002576774371603523130116184E-0012  0.221769679341599999999999999999999989      
