   2320287.18181999999999999999999999967         1799999.99999997794828167421933622914         6.98536950214637752660811156839908445E-0012   4.50489767896726126242482542832583047E-0002
   2365741.72727499999999999999999999959         1799999.99999999976591336990055542169         6.97258544483234380444513990758820040E-0012   4.49620568218067050329258411090148955E-0002
   2411196.27272999999999999999999999951         1799999.99999999999751508931949076775         6.95982478386414659305787917538691136E-0012   4.48752959278238038656315831790676067E-0002
   2456650.81818499999999999999999999942         1799999.99999999999997362181220052720         6.94708747642379436824184138920576649E-0012   4.47886938165997764725910627948310247E-0002
   2502105.36363999999999999999999999934         1799999.99999999999999971998639748226         6.93437347977155366439024791247386623E-0012   4.47022501975432820068821986729078774E-0002
   2547559.90909499999999999999999999926         1799999.99999999999999999702755859535         6.92168275124590871179214809145570533E-0012   4.46159647805947963501582190982159659E-0002
   2593014.45454999999999999999999999918         1799999.99999999999999999996844650467         6.90901524826341937882664615562568536E-0012   4.45298372762256388247383801434516328E-0002
   2638469.00000499999999999999999999909         1799999.99999999999999999999966504880         6.89637092831857829580401452165913192E-0012   4.44438673954370006869511303956879063E-0002
   2683923.54545999999999999999999999901         1799999.99999999999999999999999644450         6.88374974898366822886121846875654471E-0012   4.43580548497589753984502578612685321E-0002
   2729378.09091499999999999999999999893         1799999.99999999999999999999999996244         6.87115166790861971475911324269880698E-0012   4.42723993512495906722499096862775728E-0002
   2774832.63636999999999999999999999885         1799999.99999999999999999999999999960         6.85857664282086895622361818987320962E-0012   4.41869006124938422902305358016524570E-0002
   2820287.18182499999999999999999999877         1800000.00000000000000000000000000000         6.84602463152521597735531068319041096E-0012   4.41015583466027296888737539077690927E-0002
   2865741.72727999999999999999999999868         1800000.00000000000000000000000000000         6.83349559190368303863149713727178627E-0012   4.40163722672122933099900664868181506E-0002
   2911196.27273499999999999999999999860         1800000.00000000000000000000000000000         6.82098948191537331102567613580348013E-0012   4.39313420884826537132092829234060912E-0002
   2956650.81818999999999999999999999852         1800000.00000000000000000000000000000         6.80850625959632980877017801499010327E-0012   4.38464675250970524470094113670057028E-0002
   3002105.36364499999999999999999999844         1800000.00000000000000000000000000000         6.79604588305939458028863311663028603E-0012   4.37617482922608946750656857042235015E-0002
   3047559.90909999999999999999999999835         1800000.00000000000000000000000000000         6.78360831049406815682578720707441533E-0012   4.36771841057007935547072829441483138E-0002
   3093014.45455499999999999999999999827         1800000.00000000000000000000000000000         6.77119350016636925830304725570847338E-0012   4.35927746816636163642751654760597228E-0002
   3138469.00000999999999999999999999819         1800000.00000000000000000000000000000         6.75880141041869475592900388146520309E-0012   4.35085197369155323761803510552344494E-0002
   3183923.54546499999999999999999999811         1800000.00000000000000000000000000000         6.74643199966967989109503831113710461E-0012   4.34244189887410624724677710291844962E-0002
   3229378.09091999999999999999999999802         1800000.00000000000000000000000000000         6.73408522641405875008698165181541196E-0012   4.33404721549421304996967242530479538E-0002
   3274832.63637499999999999999999999794         1800000.00000000000000000000000000000         6.72176104922252499414465266450563288E-0012   4.32566789538371163599547703786513196E-0002
   3320287.18182999999999999999999999786         1800000.00000000000000000000000000000         6.70945942674159284440195703976146087E-0012   4.31730391042599108348277317565541103E-0002
   3365741.72728499999999999999999999778         1800000.00000000000000000000000000000         6.69718031769345832124108642187657769E-0012   4.30895523255589721391542880837201829E-0002
   3411196.27273999999999999999999999769         1800000.00000000000000000000000000000         6.68492368087586073759520910869003876E-0012   4.30062183375963842013994521808470170E-0002
   3456650.81819499999999999999999999761         1800000.00000000000000000000000000000         6.67268947516194444573489647222685626E-0012   4.29230368607469166674870089123006228E-0002
   3502105.36364999999999999999999999753         1800000.00000000000000000000000000000         6.66047765950012083707437970410511521E-0012   4.28400076158970866249367822874896475E-0002
   3547559.90910499999999999999999999745         1800000.00000000000000000000000000000         6.64828819291393059453458049168452025E-0012   4.27571303244442220441583682247729547E-0002
   3593014.45455999999999999999999999737         1800000.00000000000000000000000000000         6.63612103450190619700070667925857006E-0012   4.26744047082955269337587323369993172E-0002
   3638469.00001499999999999999999999728         1800000.00000000000000000000000000000         6.62397614343743467541304986593000198E-0012   4.25918304898671482067268234308600967E-0002
   3683923.54546999999999999999999999720         1800000.00000000000000000000000000000         6.61185347896862062003046624109900938E-0012   4.25094073920832442543640942196940286E-0002
   3729378.09092499999999999999999999712         1800000.00000000000000000000000000000         6.59975300041814943840686476249719085E-0012   4.24271351383750552248355510504808788E-0002
   3774832.63637999999999999999999999704         1800000.00000000000000000000000000000         6.58767466718315086362186804328368508E-0012   4.23450134526799750032216742597255669E-0002
   3820287.18183499999999999999999999695         1800000.00000000000000000000000000000         6.57561843873506271230765103669228331E-0012   4.22630420594406248899572601189590008E-0002
   3865741.72728999999999999999999999687         1800000.00000000000000000000000000000         6.56358427461949489201480079189711509E-0012   4.21812206836039289745489342278241227E-0002
   3911196.27274499999999999999999999679         1800000.00000000000000000000000000000         6.55157213445609365746087720596581693E-0012   4.20995490506201912014687746802977398E-0002
   3956650.81819999999999999999999999671         1800000.00000000000000000000000000000         6.53958197793840611520618981680427831E-0012   4.20180268864421741251271613866085297E-0002
   4002105.36365499999999999999999999662         1800000.00000000000000000000000000000         6.52761376483374497630213927365667679E-0012   4.19366539175241793508336355989011881E-0002
   4047559.90910999999999999999999999654         1800000.00000000000000000000000000000         6.51566745498305355645830418781052883E-0012   4.18554298708211296586602109816844314E-0002
   4093014.45456499999999999999999999646         1800000.00000000000000000000000000000         6.50374300830077102327528460947131979E-0012   4.17743544737876528071272245075687557E-0002
   4138469.00001999999999999999999999638         1800000.00000000000000000000000000000         6.49184038477469789009114240008921888E-0012   4.16934274543771670136374520636971250E-0002
   4183923.54547499999999999999999999630         1800000.00000000000000000000000000000         6.47995954446586175599010627551973711E-0012   4.16126485410409681085898399435112470E-0002
   4229378.09092999999999999999999999621         1800000.00000000000000000000000000000         6.46810044750838329152303528707494680E-0012   4.15320174627273183601098193909570781E-0002
   4274832.63638499999999999999999999653         1800000.00000000000000000000000000000         6.45626305410934246968995898753533955E-0012   4.14515339488805369663387770787595419E-0002
   4320287.18183999999999999999999999686         1800000.00000000000000000000000000000         6.44444732454864504173583550028778855E-0012   4.13711977294400922122308498577983992E-0002
   4365741.72729499999999999999999999718         1800000.00000000000000000000000000000         6.43265321917888925731149017475429537E-0012   4.12910085348396952878107973296699624E-0002
   4411196.27274999999999999999999999750         1800000.00000000000000000000000000000         6.42088069842523282855251747284701810E-0012   4.12109660960063957648522807879640302E-0002
   4456650.81820499999999999999999999782         1800000.00000000000000000000000000000         6.40912972278526013762974719218342947E-0012   4.11310701443596787289414418643287778E-0002
   4502105.36365999999999999999999999814         1800000.00000000000000000000000000000         6.39740025282884968732569309486245902E-0012   4.10513204118105635638962288217109015E-0002
   4547559.90911499999999999999999999846         1800000.00000000000000000000000000000         6.38569224919804179419221747856485776E-0012   4.09717166307607043855174628778824058E-0002
   4593014.45456999999999999999999999879         1800000.00000000000000000000000000000         6.37400567260690652384545920228024871E-0012   4.08922585341014921216531712361033810E-0002
   4638469.00002499999999999999999999911         1800000.00000000000000000000000000000         6.36234048384141186795488516484675662E-0012   4.08129458552131582355632376650919857E-0002
   4683923.54547999999999999999999999943         1800000.00000000000000000000000000000         6.35069664375929216248413623340529467E-0012   4.07337783279638800895769355259149003E-0002
   4729378.09093499999999999999999999975         1800000.00000000000000000000000000000         6.33907411328991674674214813358586073E-0012   4.06547556867088879460414121074761465E-0002
   4774832.63639000000000000000000000007         1800000.00000000000000000000000000000         6.32747285343415886280383584643375869E-0012   4.05758776662895736025646870234375416E-0002
   4820287.18184500000000000000000000039         1800000.00000000000000000000000000000         6.31589282526426479486043661147790688E-0012   4.04971440020326006585622112600850979E-0002
   4865741.72730000000000000000000000071         1800000.00000000000000000000000000000         6.30433398992372324806041171366752951E-0012   4.04185544297490164101215072652630085E-0002
   4911196.27275500000000000000000000104         1800000.00000000000000000000000000000         6.29279630862713496640261083679750795E-0012   4.03401086857333653702048742513978384E-0002
   4956650.81821000000000000000000000136         1800000.00000000000000000000000000000         6.28127974266008258924420490030031731E-0012   4.02618065067628044112155966691637817E-0002
   5002105.36366500000000000000000000168         1800000.00000000000000000000000000000         6.26978425337900074598669396247550645E-0012   4.01836476300962195269585376107952019E-0002
   5047559.90912000000000000000000000200         1800000.00000000000000000000000000000         6.25830980221104638850409597416593030E-0012   4.01056317934733442110314327417020225E-0002
   5093014.45457500000000000000000000232         1800000.00000000000000000000000000000         6.24685635065396936087821990515674548E-0012   4.00277587351138794486886242541195426E-0002
   5138469.00003000000000000000000000264         1800000.00000000000000000000000000000         6.23542386027598320600672304388688850E-0012   3.99500281937166153192243883052272162E-0002
   5183923.54548500000000000000000000297         1800000.00000000000000000000000000000         6.22401229271563620865044709212154427E-0012   3.98724399084585542059284134626668004E-0002
   5229378.09094000000000000000000000329         1800000.00000000000000000000000000000         6.21262160968168267448732104263676977E-0012   3.97949936189940356106713818508125280E-0002
   5274832.63639500000000000000000000361         1800000.00000000000000000000000000000         6.20125177295295444474091074244447762E-0012   3.97176890654538625701839889895945859E-0002
   5320287.18185000000000000000000000393         1800000.00000000000000000000000000000         6.18990274437823264595248550924692504E-0012   3.96405259884444296710981127622189263E-0002
   5365741.72730500000000000000000000425         1800000.00000000000000000000000000000         6.17857448587611967446626118734564882E-0012   3.95635041290468526608242065567952843E-0002
   5411196.27276000000000000000000000457         1800000.00000000000000000000000000000         6.16726695943491141519826660373721670E-0012   3.94866232288160996513443464176819097E-0002
   5456650.81821500000000000000000000490         1800000.00000000000000000000000000000         6.15598012711246969426006651831426641E-0012   3.94098830297801239130057070332479690E-0002
   5502105.36367000000000000000000000522         1800000.00000000000000000000000000000         6.14471395103609496500935885653632956E-0012   3.93332832744389982554045765956776687E-0002
   5547559.90912500000000000000000000554         1800000.00000000000000000000000000000         6.13346839340239922710024727130640349E-0012   3.92568237057640509924563460132960923E-0002
   5593014.45458000000000000000000000586         1800000.00000000000000000000000000000         6.12224341647717917810677190569648783E-0012   3.91805040671970034887522236545551226E-0002
   5638469.00003500000000000000000000618         1800000.00000000000000000000000000000         6.11103898259528959729406162225669687E-0012   3.91043241026491092843087327731150052E-0002
   5683923.54549000000000000000000000650         1800000.00000000000000000000000000000         6.09985505416051696111224993049539016E-0012   3.90282835565002947948213450231974658E-0002
   5729378.09094500000000000000000000682         1800000.00000000000000000000000000000         6.08869159364545328998907438439930146E-0012   3.89523821735983015845388900413411529E-0002
   5774832.63640000000000000000000000715         1800000.00000000000000000000000000000         6.07754856359137022599785533912107968E-0012   3.88766196992578302088806579625984172E-0002
   5820287.18185500000000000000000000747         1800000.00000000000000000000000000000         6.06642592660809334097832465285983097E-0012   3.88009958792596856239233789737808048E-0002
   5865741.72731000000000000000000000779         1800000.00000000000000000000000000000         6.05532364537387667468854819906402028E-0012   3.87255104598499241598905216012628932E-0002
   5911196.27276500000000000000000000811         1800000.00000000000000000000000000000         6.04424168263527750256695791797842356E-0012   3.86501631877390020557815994037321898E-0002
   5956650.81822000000000000000000000843         1800000.00000000000000000000000000000         6.03318000120703133268427958788320080E-0012   3.85749538101009255522844141087361394E-0002
   6002105.36367500000000000000000000875         1800000.00000000000000000000000000000         6.02213856397192713146591153763867952E-0012   3.84998820745724025401183920135030412E-0002
   6047559.90913000000000000000000000908         1800000.00000000000000000000000000000         6.01111733388068277776607715601707597E-0012   3.84249477292519957609623896828469087E-0002
   6093014.45458500000000000000000000940         1800000.00000000000000000000000000000         6.00011627395182074487584028228085586E-0012   3.83501505226992775581255546375200799E-0002
   6138469.00004000000000000000000000972         1800000.00000000000000000000000000000         5.98913534727154401004783738917148395E-0012   3.82754902039339861741250268526323298E-0002
   6183923.54549500000000000000000001004         1800000.00000000000000000000000000000         5.97817451699361219112134389644584185E-0012   3.82009665224351835923394574951605749E-0002
   6229378.09095000000000000000000001036         1800000.00000000000000000000000000000         5.96723374633921790983205398290974316E-0012   3.81265792281404149199125024395457083E-0002
   6274832.63640500000000000000000001068         1800000.00000000000000000000000000000         5.95631299859686338139171390010342192E-0012   3.80523280714448693090856197282979450E-0002
   6320287.18186000000000000000000001100         1800000.00000000000000000000000000000         5.94541223712223722992350803395827203E-0012   3.79782128032005424141446623077623147E-0002
   6365741.72731500000000000000000001133         1800000.00000000000000000000000000000         5.93453142533809152933985481437793648E-0012   3.79042331747154003811699100850534472E-0002
   6411196.27277000000000000000000001165         1800000.00000000000000000000000000000         5.92367052673411906925002603939611432E-0012   3.78303889377525453677843286379431390E-0002
   6456650.81822500000000000000000001197         1800000.00000000000000000000000000000         5.91282950486683084548575826282464232E-0012   3.77566798445293825900999757824335833E-0002
   6502105.36368000000000000000000001229         1800000.00000000000000000000000000000         5.90200832335943377483377859466800728E-0012   3.76831056477167888940676016801003140E-0002
   6547559.90913500000000000000000001261         1800000.00000000000000000000000000000         5.89120694590170863356491958461094798E-0012   3.76096661004382828484396032662366263E-0002
   6593014.45459000000000000000000001293         1800000.00000000000000000000000000000         5.88042533624988821935024880303440232E-0012   3.75363609562691963565615995175395377E-0002
   6638469.00004500000000000000000001326         1800000.00000000000000000000000000000         5.86966345822653573615538830389923646E-0012   3.74631899692358477842129904716779251E-0002
   6683923.54550000000000000000000001358         1800000.00000000000000000000000000000         5.85892127572042340170494735186948300E-0012   3.73901528938147166007219499776774872E-0002
   6729378.09095500000000000000000001390         1800000.00000000000000000000000000000         5.84819875268641127710973862482483676E-0012   3.73172494849316195305853799127141134E-0002
   6774832.63641000000000000000000001422         1800000.00000000000000000000000000000         5.83749585314532631825019356488370078E-0012   3.72444794979608882128294220646651836E-0002
   6820287.18186500000000000000000001454         1800000.00000000000000000000000000000         5.82681254118384164851013664875293460E-0012   3.71718426887245483653511830676347438E-0002
   6865741.72732000000000000000000001486         1800000.00000000000000000000000000000         5.81614878095435605245582108412949867E-0012   3.70993388134915004514873777066189638E-0002
   6911196.27277500000000000000000001519         1800000.00000000000000000000000000000         5.80550453667487369005586981548740326E-0012   3.70269676289767018460606365944581000E-0002
   6956650.81823000000000000000000001551         1800000.00000000000000000000000000000         5.79487977262888403103850574238841699E-0012   3.69547288923403504981592556861439853E-0002
   7002105.36368500000000000000000001583         1800000.00000000000000000000000000000         5.78427445316524200898319371893932840E-0012   3.68826223611870700879111873493008930E-0002
   7047559.90914000000000000000000001615         1800000.00000000000000000000000000000         5.77368854269804839474455421664217267E-0012   3.68106477935650966745180857720846499E-0002
   7093014.45459500000000000000000001647         1800000.00000000000000000000000000000         5.76312200570653038880714449716041059E-0012   3.67388049479654668328202233776710352E-0002
   7138469.00005000000000000000000001679         1800000.00000000000000000000000000000         5.75257480673492243217043775887050453E-0012   3.66670935833212072756680896447205108E-0002
   7183923.54550500000000000000000001711         1800000.00000000000000000000000000000         5.74204691039234723536406399400033999E-0012   3.65955134590065259593814693224717713E-0002
   7229378.09096000000000000000000001744         1800000.00000000000000000000000000000         5.73153828135269702519410822410278958E-0012   3.65240643348360046695817734941603499E-0002
   7274832.63641500000000000000000001776         1800000.00000000000000000000000000000         5.72104888435451500882199237302987548E-0012   3.64527459710637930846883642999793675E-0002
   7320287.18187000000000000000000001808         1800000.00000000000000000000000000000         5.71057868420087705477819629093690320E-0012   3.63815581283828043143745723974648540E-0002
   7365741.72732500000000000000000001840         1800000.00000000000000000000000000000         5.70012764575927359051380136258167962E-0012   3.63105005679239119102840554296356299E-0002
   7411196.27278000000000000000000001872         1800000.00000000000000000000000000000         5.68969573396149171609356672072987352E-0012   3.62395730512551483463130859060541600E-0002
   7456650.81823500000000000000000001904         1800000.00000000000000000000000000000         5.67928291380349753363497334329793006E-0012   3.61687753403809049657692879957767728E-0002
   7502105.36369000000000000000000001937         1800000.00000000000000000000000000000         5.66888915034531869209839524337021914E-0012   3.60981071977411333927222648004751330E-0002
   7547559.90914500000000000000000001969         1800000.00000000000000000000000000000         5.65851440871092714703427956684273157E-0012   3.60275683862105484048664707373520157E-0002
   7593014.45460000000000000000000002001         1800000.00000000000000000000000000000         5.64815865408812213489393869563154020E-0012   3.59571586690978322652215877313287215E-0002
   7638469.00005500000000000000000002033         1800000.00000000000000000000000000000         5.63782185172841336151127741750938086E-0012   3.58868778101448405100005590108043011E-0002
   7683923.54551000000000000000000002065         1800000.00000000000000000000000000000         5.62750396694690440436349686916217827E-0012   3.58167255735258091899803204375039656E-0002
   7729378.09096500000000000000000002097         1800000.00000000000000000000000000000         5.61720496512217632821953428936418492E-0012   3.57467017238465635627151464949401925E-0002
   7774832.63642000000000000000000002129         1800000.00000000000000000000000000000         5.60692481169617151378571363668081967E-0012   3.56768060261437282329373963281713573E-0002
   7820287.18187500000000000000000002162         1800000.00000000000000000000000000000         5.59666347217407769895879683323630016E-0012   3.56070382458839387384953045861935057E-0002
   7865741.72733000000000000000000002194         1800000.00000000000000000000000000000         5.58642091212421223229733879518136209E-0012   3.55373981489630545791823122837477352E-0002
   7911196.27278500000000000000000002226         1800000.00000000000000000000000000000         5.57619709717790653832296150402232511E-0012   3.54678855017053736858172744878431754E-0002
   7956650.81824000000000000000000002258         1800000.00000000000000000000000000000         5.56599199302939079426387316326357177E-0012   3.53985000708628483269397143621302777E-0002
   8002105.36369500000000000000000002290         1800000.00000000000000000000000000000         5.55580556543567881785366797427258958E-0012   3.53292416236143024504891169856268393E-0002
   8047559.90915000000000000000000002322         1800000.00000000000000000000000000000         5.54563778021645316579915025630402729E-0012   3.52601099275646504578420714173864048E-0002
   8093014.45460500000000000000000002355         1800000.00000000000000000000000000000         5.53548860325395044253163353054951263E-0012   3.51911047507441174075858757216621608E-0002
   8138469.00006000000000000000000002387         1800000.00000000000000000000000000000         5.52535800049284681885687078932404421E-0012   3.51222258616074606464120171150864457E-0002
   8183923.54551500000000000000000002419         1800000.00000000000000000000000000000         5.51524593794014376011947648139931795E-0012   3.50534730290331928645177280644543135E-0002
   8229378.09097000000000000000000002451         1800000.00000000000000000000000000000         5.50011330177618355307413404994994918E-0012   3.49848460223228065729085990669373476E-0002
   8274832.63642500000000000000000002483         1800000.00000000000000000000000000000         5.49004744002576774371603523130116184E-0012   3.49163446111999999999999999999999978E-0002
